0.782712123761
0.842055786742
0.862993912845
0.70737768394
0.566255362902
0.638731897144
0.774503143693
0.727590848231
0.753688928928
0.778189395179
0.86408297545
0.860808112545
0.705730121055
0.654126817495
0.556869104107
0.852943903214
0.790084532214
0.470611727739
0.826682118254
0.649358491981
0.844367542717
0.917668890306
0.745090769
0.609821963593
0.7171456866
0.933453524568
0.604040140774
0.828933139316
0.68614919267
0.734169119591
0.614453592371
0.768033936105
0.783246372186
0.795025861151
0.83884800372
0.741319075584
0.94208892089
0.93722197617
0.659218544702
0.733564382238
0.832043977965
0.764288513414
0.818424351048
0.841930666887
0.770207568366
0.771091223155
0.662796677463
0.727039133643
0.868803310257
0.370563977734
0.719949783507
0.78721290444
0.578960196314
0.684723561224
0.723811318429
0.772762566218
0.621279776699
0.41423872436
0.774291383715
0.929185564544
0.782141906526
0.819230419205
0.701501068737
0.832968695529
0.479025439079
0.510445626539
0.651606374784
0.566042463873
0.682370601061
0.692109315645
0.555950365268
0.514761484359
0.487520451306
0.837594821005
0.592588163732
0.722430998693
0.585360872981
0.758620574027
0.334691376218
0.77375317957
0.781992223948
0.692823365363
0.835469577058
0.700163041334
0.552339479907
0.353007189731
0.881738570724
0.710060241033
0.773715150549
0.70051216106
0.445762971132
0.487567683557
0.759759424135
0.730635469535
0.662023797011
0.810718227255
0.763367990064
0.506852025114
0.86619921298
0.804424534731
0.630667843957
0.43882185923
0.563719152058
0.785202631872
0.707882356718
0.479120187723
0.587268405387
0.576411251958
0.23459743783
0.655843657394
0.935315305178
0.862237923414
0.832694639824
0.545152254984
0.672294907533
0.474293291798
0.736380710586
0.744331338994
0.836596897137
0.578982430026
0.554490740857
0.43098264946
0.641440281219
0.57065235919
0.480891449237
0.605333449028
0.635637826985
0.7573992055
0.834873465447
0.709250497328
0.571721549367
0.754395163026
0.633333600456
0.869581670336
0.600581326414
0.723550466662
0.778300877988
0.626682909081
0.76683400775
0.809317754609
0.546673568653
0.863697497516
0.453125762981
0.75276276741
0.533901775532
0.494914251099
0.887943903175
0.82210571641
0.717162154065
0.811042549561
0.685958494777
0.884354047485
0.528232456836
0.542034387441
0.65853422375
0.553886444165
0.931623444628
0.675356580331
0.604985683086
0.700379012258
0.802350148387
0.817069426874
0.778427121591
0.780319292703
0.59023648921
0.392159170581
0.793333286758
0.666618295071
0.522810933761
0.742754689269
0.763059274008
0.752458196624
0.836452190545
0.676652848416
0.731210089821
0.902389646837
0.899881415841
0.748220180693
0.864564114416
0.681094721096
0.844473803949
0.495802487435
0.708530104839
0.638937543972
0.550181886253
0.841798790111
0.710488408493
0.649184200757
0.66610796243
0.702808829366
0.405871469818
0.716262207946
0.732979133066
0.586602912789
0.652159772108
0.491587732281
0.772941338066
0.484749251521
0.474710260411
0.94230898434
0.685440913197
0.607649811014
0.686949878427
0.601264579149
0.804420605266
0.816373675095
0.839283404863
0.725746179005
0.681581604224
0.669614599127
0.446373379665
0.833501818149
0.90465417412
0.816933729895
0.933737634455
0.507100754835
0.525190182111
0.751785749395
0.538947206196
0.672393187093
0.56963148472
0.661805581178
0.573915799646
0.553624551799
0.639690609512
0.609588629895
0.798901274173
0.630051977811
0.779729241509
0.627228807287
0.596061270628
0.432769080071
0.525899827411
0.484107984494
0.703394716853
0.904757615561
0.731482577587
0.813124229135
0.775617120007
0.71589167901
0.701159762961
0.734708519017
0.63318584024
0.801149005365
0.702226300948
0.750553021637
0.401443985059
0.839239559478
0.554685445666
0.633114834665
0.420597729103
0.813207825796
0.515086000468
0.394532742783
0.602479665471
0.46798303394
0.3947569665
0.431470581735
0.647920233325
0.623660406422
0.43036909908
0.682142701458
0.877934328031
0.812172030555
0.572873591217
0.696935100449
0.332892156807
0.35097137444
0.547562317835
0.556665852004
0.540677093294
0.621780828463
0.540513437539
0.59331016445
0.727109683814
0.813149489116
0.381123066541
0.891705901994
0.806935510347
0.55655330289
0.810305377824
0.540811988141
0.492738965604
0.857603586155
0.693194929185
0.546969753549
0.619725459332
0.619986726203
0.606736571337
0.482859378395
0.46339584482
0.693249395949
0.633241155973
0.656340394946
0.640698465399
0.4631452246
0.745359447265
0.668713373755
0.526555625444
0.343959339961
0.821368019376
0.800673440465
0.533522599012
0.452474001886
0.424554204772
0.601042387451
0.477814127051
0.601322740957
0.594686982867
0.700313470786
0.593592260515
0.780825055677
0.821262741307
0.794876017282
0.909416841053
0.583534232015
0.403634655104
0.718450887278
0.552006409197
0.74844665186
0.555239744427
0.639664980657
0.481368402865
0.616154277903
0.621437042967
0.645386322194
0.803280624207
0.550215396676
0.584708562521
0.454276866806
0.524257837947
0.436226587117
0.400546847814
0.334809133982
0.596525491825
0.280792110134
0.2880162842
0.461770787399
0.611306106803
0.519661282205
0.588614458281
0.746351589972
0.705306833886
0.433030953894
0.665708423366
0.669112804049
0.800327538841
0.490624167929
0.539318893199
0.851696949578
0.773483897162
0.678838214404
0.580824571697
0.631538059493
0.796430325901
0.658213996398
0.780570200529
0.253291897848
0.717677255861
0.729043800636
0.733637679776
0.520407995407
0.545946329416
0.849773595061
0.638592777873
0.576143761711
0.467471022424
0.756281119351
0.860581800864
0.45328737205
0.520053735952
0.750332516606
0.732278316547
0.58148536455
0.854230709931
0.496991137418
0.469664273162
0.694798530652
0.619639805217
0.493662884651
0.807442782795
0.526089044682
0.679734566971
0.587563326254
0.565252023605
0.46846146192
0.862166420416
0.825110963731
0.533188073643
0.50703747461
0.72979710983
0.639605794964
0.578991915621
0.659766709319
0.721705368521
0.640623787949
0.748294823456
0.648529143482
0.315909748302
0.726160163895
0.640025040757
0.66905938724
0.72157490929
0.769881776589
0.772669605346
0.786515888702
0.507902411714
0.66799377406
0.508293983438
0.384427015317
0.539305685999
0.685090058299
0.696370034704
0.568322773064
0.542553131356
0.803442505647
