252454.374899 593288.717944
235676.835836 590494.418679
271138.427114 569373.835443
241994.413848 588823.91712
257810.167606 593718.576229
233557.93602 582378.561688
214193.049458 580586.824609
238207.298598 574920.892135
245964.455719 574258.889915
220677.35523 575626.891813
244313.545504 595751.932527
214492.75686 574000.061451
145421.727651 486595.931355
263956.126289 558469.90746
248292.302359 584150.773853
255014.583324 567942.609006
271400.904026 553883.176691
159348.405984 484230.140868
182316.619308 551983.913192
229648.650116 594270.17306
185114.370369 567103.856613
220871.562489 587862.31397
198078.730404 597329.644759
205495.542589 581381.625965
179420.469378 607192.760856
172552.488323 588158.636397
164961.719554 578855.83111
159313.637313 576523.361488
197565.151649 554470.602447
207337.539277 590400.064437
182837.819249 578287.496714
181164.138096 586097.372351
180300.980873 541916.882721
215160.100839 555415.87158
203654.07963 562718.74774
210056.466596 611802.660558
198638.807204 569823.800777
151264.038185 601341.928243
127444.517183 586059.370719
197447.737288 543364.524251
233224.819956 557777.915255
246081.338005 528950.511153
261322.583614 530304.827897
231098.340456 526783.907946
209505.602235 525697.93388
172940.427598 570977.967001
241600.283798 485202.011493
247490.572088 481351.429034
215377.677681 503376.767959
212925.522199 475918.774385
256851.851684 471349.56521
248658.624827 463920.468739
235439.409909 511556.155943
227411.188849 489255.190237
249974.402789 475007.797165
191898.19821 507698.551028
265186.099884 480654.681625
180703.698167 525076.888754
258920.670196 481066.113095
226106.402383 503676.394361
215713.185359 489259.629844
210504.339374 516536.902884
249538.295933 492324.664136
170960.852355 519892.959211
234959.327405 484705.85614
204627.571511 503696.800525
203058.79936 432766.122985
235716.849247 437680.647192
191563.455103 466994.016655
189705.040592 445983.040353
172419.717072 464491.96249
179320.332826 430532.121597
205097.184308 458112.389385
156129.464927 438875.300777
142842.578241 439717.861223
207147.53061 448085.96264
216823.346712 441755.833889
170490.472478 431853.947472
198381.158722 439977.28975
178363.177133 454294.075025
186485.994452 491678.135356
193705.78421 482103.831629
174170.004769 477785.137934
143554.143817 433270.972233
192634.48702 422007.472442
173280.790872 483524.950231
200253.913241 498768.955068
200124.648995 491120.968883
184763.349362 421112.855873
220635.833038 466139.061789
148769.533508 420846.120304
199197.287805 430598.027287
161732.330509 469205.78102
185983.179733 427863.530501
192413.949838 496694.421616
168467.949805 472814.830082
182313.13971 444655.587038
200567.002925 449675.738722
194839.002463 450627.726593
162764.179907 455679.745243
156271.141853 432885.500266
193671.303203 428971.313391
203641.750176 471071.133546
173985.769843 442820.844715
195108.846746 441170.453244
246986.615015 443229.464038
176700.086174 425393.330231
139217.764065 422651.56276
202980.253535 441467.4136
212969.947971 461243.811043
182218.496418 483525.084217
176364.39704 501684.60015
147810.276326 427426.32499
154828.480298 465055.822091
146587.533208 468421.254849
140426.605281 461526.039921
143318.644486 450301.55481
153004.161277 472293.635233
147656.580807 473542.689749
140890.04799 446211.235216
157002.62587 459334.569423
124659.165533 444198.849179
124600.239305 451136.360033
165076.473374 453416.878976
166907.814753 443610.153945
148778.464461 463117.201286
133587.207046 455921.61133
166561.96025 448383.486071
157703.232915 454765.774817
150730.985171 444541.138604
130402.409549 448879.568438
145954.708683 457088.394368
134925.122498 449204.774353
111837.002199 474595.087219
112039.928657 516923.220154
118449.060252 478054.467099
121158.722567 487310.819871
116151.880778 507256.971546
123104.742875 507890.058091
106519.521364 519719.608252
105195.010068 499846.380278
146303.265791 476835.228019
100446.861023 488519.368393
139836.095111 475819.121713
107243.784813 507940.150047
127734.58739 483253.171823
131707.625832 501862.499742
147307.452728 525449.537984
104640.716723 488651.104049
109081.042293 490784.014279
107001.581014 479042.526235
113093.587516 527797.85782
104851.350649 502948.677743
102404.747189 484376.152635
118300.657872 521088.711165
109022.320394 512693.060637
112425.160278 548580.901816
140018.333125 470598.264792
133519.619869 518777.849072
144408.076539 478270.470279
123548.932164 495968.812798
114584.381919 522812.766891
143381.329813 473250.551709
135545.415188 525979.627168
133757.793084 482042.991977
138991.788864 478991.323526
120256.681723 496144.544305
125691.295644 525409.13558
122681.202725 478037.257408
126748.5977 501688.921623
115082.578688 533461.623478
116041.0994 565951.870216
110302.272782 504176.962836
114263.826356 472261.484088
103549.00674 496007.743351
132693.646301 479262.30984
116850.921963 512771.386069
97529.8791107 485900.250072
110608.098268 536174.91157
129307.650257 507787.04365
113258.761596 497416.815836
105306.022714 430924.039841
107085.768328 460468.300848
95625.3691895 429517.524694
111600.709786 439510.205371
139954.527668 519630.563444
105887.096227 455038.476567
72204.5538042 434036.478268
99497.5999196 438804.20237
84672.3808548 446059.650995
64735.2485221 418823.042229
108235.338108 421701.563451
57081.2560018 425246.690863
126734.945797 427843.003003
108250.855855 447657.1894
80513.7679098 453893.050823
118138.893436 427248.481605
68877.7792094 429379.498718
103424.417791 428399.654549
144050.842032 523741.836959
99728.7818874 479066.157729
89052.8327479 467271.890979
100983.733221 436536.791239
134264.956585 434969.12312
93267.1927372 463362.505544
97162.853593 463501.361576
97552.2099564 474501.526917
76700.0024669 438026.667137
71116.7205764 417736.734279
75969.1785347 427319.503652
113425.076014 464911.287366
106618.216719 433229.242083
92468.9323098 476037.67394
94850.5293217 476303.658007
92358.5995751 466775.502663
77812.6581867 411863.436181
87843.1913501 425013.278515
96227.0691295 423276.622311
82006.1335708 421097.475144
119109.228339 448919.430788
107863.975019 427403.889018
100515.80159 431434.542586
82058.5639481 437934.395603
82186.7360864 450292.215908
86083.8738066 438061.743051
118056.126305 440441.383439
112659.026725 427077.292343
90626.7711827 417647.699221
83006.6383226 428292.989052
89445.2127297 429703.335668
65820.6347393 434857.281233
97196.8984377 417565.487422
136049.359573 442367.862733
82120.5165974 437075.50731
113228.27118 443897.167491
90042.1668004 460047.647402
103785.74332 450715.521677
85593.8027479 461523.787744
121547.377627 457746.116052
93456.5645776 452892.696185
95178.5036489 458868.187469
101127.292603 426204.034598
106131.609064 435762.451537
105537.38907 441075.537075
166422.918641 544212.376389
45566.8173343 385196.226892
47946.5079326 392933.206594
162536.933326 429234.20041
62928.106671 371096.507008
56405.9149351 389386.738238
34212.5472001 391746.467755
123515.371134 431670.262721
114601.376641 432046.305313
117121.246431 436561.048581
68097.3145887 383853.125276
129288.610298 438276.349912
47487.8142399 367649.802118
68032.5438655 398966.558546
28027.1072073 395909.848973
32139.5723531 387171.937125
134473.77618 428820.733409
122892.848924 471021.558388
193458.869672 579400.016588
132757.434654 417505.548719
182289.337112 377544.613472
120648.666665 383440.435
78704.1054936 391068.407391
155643.204998 391627.577874
176234.039399 402021.037807
193906.66653 403777.279946
150797.99828 398816.219061
111631.066753 399764.599351
185579.172757 383105.327272
261279.530498 566028.437283
125107.760994 405317.205485
149948.611492 378595.514679
159983.367871 384551.437332
103551.088701 399083.29826
120044.035669 412162.629681
122502.980165 396842.052112
130321.462941 391475.892906
179574.149931 417266.838298
143291.304395 404145.578596
173741.613893 387490.090721
150703.629657 414029.487806
139305.382486 412023.267715
138206.517772 387858.477376
131488.041511 405802.032797
181336.522441 410852.599138
166272.289945 387740.577993
148234.343121 389291.378653
141844.715182 395922.05067
118785.680572 405566.225397
164887.580716 421709.152053
97491.695206 392957.829901
158414.696759 403693.650379
154371.759374 407582.513586
160664.626393 397198.372419
176180.617224 376661.276813
161612.420042 391934.743094
81398.7516669 401478.114466
129681.219835 496123.904714
132908.920604 399016.449486
173313.072453 407440.470228
159323.601444 370502.589352
167952.546266 401241.252582
154725.587965 380306.644055
146800.033725 407402.767229
160406.40412 377572.495214
129045.235691 411571.52302
119514.061848 419949.027523
82299.0897297 380426.443116
127920.397238 421618.490348
103276.385399 388125.264341
118871.435872 501722.1792
195690.111033 331299.762281
200424.780336 324274.260974
184661.265511 326879.110301
202578.434058 364650.448302
203657.943558 400568.186313
196524.376103 328303.560645
196472.352153 412449.401253
195966.20027 322778.778817
201724.947135 320436.078914
176994.901942 318172.283991
180973.940307 323573.753364
190389.994036 417753.400033
181931.950532 367301.995151
188230.700642 324069.054728
198634.73016 357049.551712
190167.20051 329091.226851
197235.945976 315610.954362
181445.131754 331101.940246
196523.917953 309545.216147
208726.620894 378261.62147
194959.6794 391976.186031
192260.680996 320085.203389
176266.829371 360516.357826
185746.092869 319079.330652
160765.881692 498902.029512
200496.628538 384179.130602
225345.619417 435975.490101
95179.3326737 469905.79257
155076.949902 449590.241971
236587.43145 447481.435762
125287.794585 517556.27245
94500.7244842 446549.385391
189750.377985 361239.926017
189639.330471 352575.706574
240546.419751 604586.588754
180466.5215 394706.119599
95121.1708777 400536.419362
167539.421959 374644.997253
170582.831245 393572.790123
219834.266056 599087.294051
138329.110941 376591.6803
200755.153665 350895.812476
159458.419154 415692.17808
100109.395805 457796.959969
88174.7884056 392017.412699
52205.6243969 412008.673486
244975.224314 557060.865755
254890.735784 547558.303179
187075.524264 414497.301827
173780.034795 414246.487066
221666.383144 524261.418188
43070.0255186 399589.651231
134340.980731 470943.329237
225543.302385 568162.976129
237318.595473 496257.15741
216205.411174 539383.410874
186497.94292 403258.174447
193198.166112 434926.311093
169578.867146 366352.851206
198395.213899 529995.90634
96507.1180938 408118.367327
191505.895934 344074.574953
24538.7197791 372706.718446
111555.116896 412563.183901
164229.524588 410663.438182
184339.264659 592972.428814
120294.012796 390381.205204
151709.008372 368987.676629
144662.121287 375911.00853
191161.922929 312620.949337
236529.013829 568499.293391
232811.892572 542866.822667
181904.757607 437386.369267
237157.002087 472723.631764
168651.355117 436393.75078
226413.926742 478676.045717
168933.281196 382481.973615
207180.781005 486820.274691
258978.682673 488333.274054
74663.5420093 446075.295108
80704.9895984 442366.852237
236094.55922 457620.27894
217821.909197 451164.381171
185954.523833 335117.40574
103170.370714 467432.853543
194841.935434 588335.104075
101494.673539 445949.223291
197344.509067 372073.468637
266506.131047 580008.130677
200875.55811 512977.625809
164326.912253 558183.026884
112409.592438 453195.493581
182271.750786 312425.223605
129376.018211 465488.907073
174164.932253 580346.691931
125480.804762 538140.106603
88872.6804078 456225.096577
88742.3982904 448125.393948
211866.980483 436813.032608
254726.543751 576598.778114
123316.939842 383289.185004
