251703.773285 593633.198749
235125.28046 594831.782973
268483.790674 570249.746198
245381.797985 592312.896249
256022.954481 595837.301052
255659.155018 593520.019497
233126.171011 582829.889132
234007.390014 581790.976066
233996.892496 581844.448447
235724.288374 585763.092309
234425.839297 579309.065619
234819.239858 582132.703067
233710.419069 580997.019832
235037.818661 579540.680672
233779.564274 583815.283529
234620.765782 581625.351744
213707.402967 580662.76103
213717.040325 580705.167775
237660.784518 577255.008655
236114.600227 578793.431568
245131.252792 574151.963138
220999.585096 574824.097665
220523.870677 575043.966417
220250.325988 575664.135465
246045.431215 594446.725541
213088.650495 570408.542883
213051.10101 570418.885509
139122.161872 484743.778818
143553.330501 487322.572964
147273.764815 489616.818238
145013.966602 487889.678612
143056.896629 486649.005303
142000.530108 484959.420719
138440.710041 482204.802188
147632.568466 488937.851777
138945.20396 484292.445379
143442.345758 487032.129714
148878.988029 489474.830801
150252.006975 490318.724615
147202.816358 488218.599091
142811.386023 487166.260954
138947.674386 484297.888694
259027.712923 557645.803934
260839.617438 556287.101516
260794.582121 557871.744348
261427.874317 556719.605326
253851.082162 585415.683488
249445.715379 582575.74185
248772.802966 580308.559766
253405.72424 569350.311594
255339.889639 569578.680177
276758.252896 563223.36188
270987.136272 561326.30927
268032.608728 544819.017824
163689.014956 482949.205585
155544.36022 474472.22858
164943.483728 482080.475303
183406.586184 553590.51829
230044.649043 594589.509555
178546.915242 565258.570841
185167.784587 562625.238112
222954.151269 584227.482178
222889.48414 584514.035945
196699.996717 594031.623091
200231.350308 597026.346117
199345.099765 584154.28095
205426.117824 585618.870347
170918.791238 606882.83829
172637.338108 587449.799646
166803.288762 574242.23715
165505.022427 577679.870801
158449.237278 574802.974891
158097.42636 575582.32807
191851.494397 551814.605423
190037.297825 552443.194876
190045.065083 552428.340611
201762.761426 585938.272712
183032.564168 581350.981411
180424.613428 580205.233378
182902.033935 578266.353717
183397.05217 578347.365092
180441.390145 580102.500711
185365.429707 580817.198921
180208.487527 585646.214328
181170.244354 543045.332665
218822.031794 559378.602044
221805.45649 553461.460094
218820.671249 559374.911784
206994.159581 560188.172489
209875.183199 569480.77999
209876.886025 569484.137819
207146.683524 610140.167819
202603.156977 565878.46919
204040.239272 568590.041038
201448.489265 568452.350706
199775.221867 567811.377864
149757.748643 600259.571698
149329.803734 600490.305112
132102.425726 590317.452028
206191.473263 544898.09194
190023.458896 541148.408468
233839.680998 556648.917085
230212.012229 557708.094039
237239.70965 558923.246883
232400.054089 557926.091052
246287.190387 519943.578535
247388.306394 519943.667443
245887.139829 521083.800197
259208.825976 535139.129113
257409.873754 528888.668106
255435.803556 531157.722828
255842.028126 531047.580087
266759.558241 534952.247699
227051.492853 528055.074504
229164.319163 526907.406193
228985.392853 527952.146238
229635.083834 525766.419712
229631.683744 525767.814351
229630.322348 525768.461208
229628.754874 525769.327471
209895.829755 524038.202998
172395.113251 567990.745502
239215.890209 485528.707349
240003.730211 483760.85032
242487.451575 488216.253461
246957.875508 480407.988101
213748.543644 502760.519609
207677.437524 475199.000958
209501.00277 474448.953098
212422.929639 473344.477558
207773.019762 474666.539041
257849.394952 471267.060742
258090.025977 468240.47111
257908.569715 468007.911425
259308.534647 474559.993105
253834.565459 473258.217182
259124.540768 471160.939949
262487.977984 470849.515357
257892.131118 471341.726669
258078.979452 468225.775122
257134.503423 468454.826026
246533.258392 464531.714547
240501.169374 510894.771406
222364.226519 513686.537323
240152.151678 499663.71288
237687.74312 509200.388366
227706.90796 486572.577122
227607.829429 489373.725066
230305.749663 491027.264374
223059.475619 485452.711743
248874.064078 478156.064454
249312.240428 475876.345399
251816.454717 474298.95411
250768.647819 475656.506915
249019.732895 474885.322996
253067.699032 475515.034861
189609.127177 507766.251525
188411.39869 508642.352393
188699.94537 507754.136942
190920.689563 507945.572772
266339.523227 487624.242547
184219.184126 530625.598844
184686.120979 516862.653008
179342.336194 525598.545566
260103.977569 481617.330675
260186.642594 481479.429422
259932.220785 481046.692546
259940.97241 481036.083945
226146.275426 505125.124386
226149.194369 505125.055412
215951.733595 490304.228333
209942.722803 517460.540991
249858.130459 492075.017233
242971.216551 495938.936632
171194.187282 519625.855672
170541.211744 520014.148134
235713.048809 484633.202269
203948.273965 505403.069266
202701.755454 502822.311384
202701.755454 502822.311384
199805.826252 504961.305094
202701.755454 502822.311384
203477.511794 503351.947229
200309.198714 506220.290895
200358.213813 433303.664283
237972.909087 437790.551653
192990.00442 469356.834235
194756.709562 468988.759321
191546.840129 468273.399659
196217.491726 469809.837106
193472.657372 467873.665921
197526.098751 469119.772728
193848.56778 469950.571048
192832.043323 468258.564903
195532.591948 472570.174254
195557.212998 469636.953211
189856.518091 444354.761881
187352.81541 440264.806336
191890.278977 443370.376718
187866.760346 441710.146152
187856.014743 441713.96907
187367.476724 440261.786423
191568.17281 443845.371715
167363.929903 461929.33436
168612.641474 461242.531376
163433.923171 458836.779362
182044.393357 430271.784489
181529.34655 429423.682593
181350.446393 429815.764594
180861.102332 430348.855331
181525.328189 429414.984246
206184.575911 455951.719653
199353.93047 455628.457884
207965.131482 456246.606413
159830.766103 442282.995955
151429.625153 435696.866741
163702.237173 440059.02268
147628.187768 439786.447823
142460.117091 440106.007983
142468.021575 440105.765654
206214.224686 447418.354909
220925.894144 439386.13006
218800.647326 443172.93763
169112.614816 432815.054722
174283.958462 433127.77562
199226.731206 439016.62274
173200.414138 449657.494793
174593.760441 450555.9769
174291.742205 447717.019411
174569.075531 450850.237933
174945.098607 446976.467863
170875.354957 449584.575628
184886.500948 493226.925743
195956.892462 484908.852098
194820.888509 478021.639518
200497.666146 485074.005032
171038.183448 478749.843912
172071.107452 480807.66752
148807.693118 432395.95217
193402.90393 420006.914626
193504.529735 420624.215819
193504.324313 420633.002644
174612.33341 485191.978658
172457.92898 484903.08733
200979.926189 498205.589565
199392.855598 498628.484408
201463.348067 494059.352218
199556.689287 490322.128954
186865.503966 421536.830231
186845.78172 421545.938325
211687.039733 466992.512038
212555.749016 464798.172659
224270.069951 463163.570969
210972.303699 468491.70801
151178.206421 423390.302121
143113.069694 418011.822031
150716.343331 420186.919792
200762.235503 430629.920024
160022.99782 465053.66186
160049.011324 465030.993724
160319.336895 470170.4978
160025.056454 465046.98908
186525.071342 428324.833303
186419.487053 425381.964987
186506.292012 426259.0074
189383.498937 427424.858771
187029.704735 428975.258976
186280.854538 427389.623235
187282.305376 427676.980023
189859.149122 495657.864778
197387.663055 497459.70395
167820.27313 474330.82727
170500.807423 474885.290041
169578.087243 471511.73007
178420.321373 443276.074415
195684.377468 444367.623504
196340.767001 444522.093704
196330.971622 444502.321404
196321.005208 444494.896385
194697.903711 446766.773712
161049.493766 455205.558949
162313.915742 454450.894835
158193.273217 434116.848405
156261.739973 431575.313797
191818.905931 427192.303012
189610.139827 428267.102218
204997.917285 472123.219755
203363.586607 467218.208951
173047.50617 441872.53229
173644.296531 443953.230448
173842.880011 442950.655297
173978.377868 443505.726355
194915.291771 440476.383049
242228.343055 442859.852855
179245.315801 425328.567048
178389.842305 423216.330977
180445.805891 424222.969419
146823.197102 424152.289152
202097.211151 438785.203866
201269.413032 438214.545327
201107.651759 437716.09799
202397.499457 437872.455848
210130.514398 460142.604525
210348.128261 461641.304676
210042.893779 462969.202231
183081.323342 488305.511916
182783.427897 488363.790741
183343.170087 487117.145115
181369.424256 487826.012877
177378.39824 502637.581723
177856.563332 503302.873196
177382.179098 502642.04921
154710.633472 428536.464423
155354.505073 428338.012442
155198.708072 463079.039013
154656.159004 467683.145284
154295.263833 461727.097655
153710.214339 463005.223111
153709.937867 462994.54344
148611.781349 468197.210682
148001.028242 469536.576975
148461.044423 469529.496264
138546.384126 459812.920065
142061.709516 459998.429206
140618.961584 453473.093753
154225.329801 472316.806852
146613.789071 473498.41655
144479.004607 471817.176572
138868.287134 449103.815723
139841.791984 449749.989506
138840.783435 449107.353465
138907.964572 449002.898702
139670.800273 449965.773498
139552.72238 447106.790259
140238.161949 447859.069024
140446.844077 450408.763081
157786.919803 459954.886614
158201.925751 460435.055741
158158.281588 462643.393928
124615.895752 442857.281323
126524.45552 441560.352039
125168.937854 450001.693317
125552.538934 450667.342673
165693.996361 454199.587667
162299.373676 444436.794552
165587.160748 446279.229817
168088.542187 441615.221999
149303.38673 465590.270193
147631.580162 458778.127089
147922.504085 465267.871644
136426.960137 457017.842046
136472.390434 455898.636652
137553.950062 457009.755241
131906.539783 457181.737919
136622.151304 452549.661837
139105.190796 454894.646059
136624.756486 452549.540973
136706.79936 453603.523489
131398.211701 456182.893856
136407.100171 458411.735484
131646.460748 458021.095167
135138.818316 454119.601285
129991.436698 457778.169729
136109.861087 455905.562664
135378.520835 456341.368515
137024.885579 457905.845758
136104.725051 453849.181037
129089.499374 456801.133574
165252.747176 449180.250312
166505.452756 448673.481409
164771.86341 448986.162046
165254.855452 449189.376773
166179.568417 448917.702016
165499.428455 447220.511173
156771.598383 454485.104539
152373.174144 443715.95482
131331.227702 447821.986847
143620.531662 455325.363527
144275.787795 454548.298391
144344.845326 455205.504464
134018.681074 451224.436146
133589.312713 449291.240472
112217.449475 473901.01418
112380.249345 474252.398276
111567.561955 472195.910937
111689.861178 475446.815986
113096.02738 520469.288151
111841.968163 518980.903744
110020.638958 517510.034657
119945.83963 481273.328479
119287.612077 478283.08169
117673.74971 477762.983846
121837.540874 487859.109747
114299.480359 485354.315574
121992.675695 485279.06899
121288.686462 484875.299797
124774.615204 480499.25821
122622.964309 489009.8326
122478.018027 484004.876455
118925.636747 483371.258835
119948.400496 488962.479355
122875.909997 487714.28123
121390.6237 487348.246952
122599.757703 487767.153569
123166.533489 486062.043999
117236.327847 489413.512144
118319.626408 488652.462939
120621.076641 486208.956388
121417.129158 487030.76674
121608.412326 492787.839559
121725.821389 487840.058746
119168.886235 485478.327317
114740.560566 485754.669438
123466.35032 485561.031357
121333.227744 487249.28746
124622.078811 485594.834908
119719.17221 487910.633487
121333.227744 487249.28746
122621.492431 489013.7362
120944.552894 489576.082739
117583.917318 489034.815435
121524.989528 492352.392546
121333.227744 487249.28746
116164.553456 484599.881433
119988.193036 488699.633005
119182.89182 484366.786709
125872.46833 479191.00682
121638.532485 484787.368089
122096.81513 487656.112754
124038.897124 485185.928199
114338.216845 503711.164391
124655.73254 502896.164236
105093.108565 515063.116592
108340.047271 520368.491016
104800.756045 514756.007923
109577.564191 520142.208371
105810.801105 500893.563609
105412.883082 499785.499106
146234.694502 477579.04762
146819.376954 477831.696271
100714.316543 482287.547788
100306.402871 481641.17903
140522.43505 475210.378677
141278.050145 476176.213182
139590.633438 476054.689483
107598.723657 506914.968219
127404.437177 483472.240771
126687.212315 483720.724953
126756.92891 484639.280171
131903.407669 500777.693069
133427.169959 500511.542764
147489.901413 524481.777209
147491.588055 524479.994449
103873.930565 488351.391876
103755.12861 487650.464703
102780.574357 486999.690742
102776.925323 486995.946533
104018.63709 490625.271488
107185.981967 491843.748704
103507.819634 476146.566072
112278.981442 479717.792441
112560.603455 480157.719007
102085.623809 471524.250263
115325.057167 482871.857215
111746.708977 480320.64459
107802.318907 479423.962449
100881.079063 477911.457465
114175.958884 478654.404872
112382.450515 480264.722516
112784.710228 480232.343577
107147.390896 480808.957836
117013.827102 526641.164998
113529.695813 529007.669561
106947.109048 503121.022832
101820.973737 485965.654792
101625.051652 483531.626936
102084.805247 482756.875895
101816.850031 485089.861851
115998.623314 518475.353445
117064.925348 518894.219986
116519.407536 519212.688537
109777.460191 511671.138785
108452.336967 513372.97474
114270.527908 549999.059079
114271.005005 549999.833979
112633.830288 552302.405893
113961.125847 553077.913423
111856.656477 549417.270766
114270.801469 549999.613144
113077.721666 551812.283969
140371.771082 471805.910228
139039.68608 469590.708997
141637.632024 469321.477103
140416.742641 472812.697562
140371.771082 471805.910228
137671.410673 475400.878965
139099.833461 470340.22451
140271.586107 471857.270648
140371.771082 471805.910228
141409.240686 470066.354091
141965.733347 471715.685897
131949.302454 518756.714987
134585.68496 517857.259356
134604.126048 519780.536755
146065.19048 478615.535966
145703.335438 479990.369557
145223.538303 478743.175314
146087.316681 478895.068273
122747.919853 493113.569986
122869.705328 494266.834837
114615.413963 521551.01102
115407.899244 525400.965142
143738.018913 474623.516997
144605.349472 473631.60919
133665.422267 526443.755469
136438.271902 531470.614349
134045.710017 481461.528499
138113.867087 479826.462977
119638.641104 497028.467321
125892.641409 523326.600629
123668.556297 482818.442103
123958.875156 500461.302763
126692.088536 503661.254107
128457.270792 503259.771825
123952.391157 500466.906585
126832.802809 499959.026425
115401.797216 534312.453232
114346.197995 557371.950152
118557.384554 561318.250642
113065.888201 567860.424572
120090.424935 573055.917882
108837.193662 502857.121088
116980.714815 472128.702498
116677.290781 471481.322507
101339.744622 496764.202079
102305.861617 497953.390245
104358.493679 494549.931806
101416.846159 496054.955109
103803.898672 496908.400234
100929.900412 496918.892898
132028.738743 479086.364334
131506.226551 479717.504428
115089.331697 514361.613155
96868.5544072 488738.078949
96774.3757042 487455.67146
111902.5984 543901.22627
128736.429913 509218.917807
111878.286207 500680.157504
112880.505251 497507.912465
112880.505251 497507.912465
118658.085183 494315.366161
116219.929843 498446.847421
114885.25892 500246.821706
104357.745745 431669.919298
105416.395318 431128.770604
104373.883266 431331.778476
103832.638975 459113.493603
106102.189777 462181.278018
105202.774512 459073.319747
103833.364753 459110.816027
93608.4792713 429772.525652
96495.4457347 430138.586822
113645.060336 438485.510523
136978.622093 520298.027759
141283.56603 523014.60486
141304.877018 523021.109457
105436.958209 454367.183461
70786.8642021 435983.342806
101923.549314 438518.066399
101929.8204 438499.865759
98529.6663555 437650.007838
99183.6602658 437354.6284
99184.7176307 440053.15963
85164.9996408 445847.836854
84465.1824822 446347.336927
86481.3024278 445027.740428
84189.9634007 446855.575883
84612.852872 447429.247997
82992.4518214 445402.764456
85538.8682334 445921.609075
67419.9548551 418615.872416
109918.654434 423492.416656
105626.601002 424584.016276
104779.053278 421101.889288
108801.961952 423605.369972
106910.424574 423805.817809
104774.241849 425210.135693
109923.046453 423497.605818
105585.154826 425759.323926
105047.339609 422825.791116
54589.7134656 425077.117131
49408.4375916 419662.042683
128404.175801 426980.555088
109161.756241 447007.905388
108312.706962 447993.125781
110761.847904 447399.848239
81434.8898876 454300.000491
82831.5331092 455249.189428
77482.4853566 453313.904915
78995.2321468 454756.349472
87212.3736577 453767.007741
77707.9847867 453968.631009
86568.8361861 452182.470434
79000.0231595 454755.831235
78003.8962339 453146.928187
79185.8587609 454511.556049
81051.2764312 455590.539221
78665.1113561 455201.670913
82237.745464 456657.509532
81108.3537332 454278.358385
76650.6450996 453962.801413
83034.1326393 454977.225124
78999.4482258 454749.609302
80952.4781617 453621.671874
77421.421281 453919.016029
81951.1538398 456367.868694
80661.5612955 454940.79148
88249.0935558 452923.783431
117202.346513 426194.925708
70834.2340402 428153.847399
69604.7847062 430740.163123
69490.106048 428166.593962
70826.3025139 428157.652313
102931.676153 429248.724853
103307.751544 428624.388087
103137.043243 427509.870517
144403.138847 523647.481232
145621.285822 522534.168804
145621.292654 522537.729113
142915.310108 523387.914939
100197.487394 477799.271269
87205.6558561 468279.685111
89636.2705111 469099.969457
87541.6555329 468418.963144
88240.2264592 467400.47892
100723.261716 436791.981414
135222.681808 433505.149881
134681.416688 434003.022601
134829.643759 434287.875208
94256.7659851 462686.21299
91239.3385216 462696.230993
92644.0259587 462467.667054
91240.5175454 462697.439702
92675.7548582 462596.217395
90889.6501049 463828.570238
95805.0147327 464929.604317
95646.2977489 463853.411648
97153.2778379 474566.918929
74858.754128 439223.79389
70688.6816246 414674.584782
76190.6378513 429256.100865
112088.605467 466555.027825
113067.618957 462588.616218
113082.240506 462699.300134
112634.586192 462094.437539
107871.908533 464840.045281
103059.867878 433315.041745
91296.4231112 472951.337396
92960.8679924 479633.902047
89924.8912582 471402.38975
93023.91267 475273.785884
98361.87321 480631.263392
93135.3619771 466894.516481
73703.5134072 411801.1681
78352.7581647 411636.96617
89688.0061921 427121.082766
87928.8730018 425395.723744
92024.2844167 421897.992393
99713.9524074 422104.089266
82752.0093852 425431.047109
81069.911213 423255.340704
119685.929437 448766.750809
106557.168003 427381.967828
107696.657019 427389.882736
109652.21821 427251.878803
100570.523905 431869.648309
92538.449258 439386.781362
83952.9754414 431146.278931
92783.9971972 439083.106497
92588.4117177 437126.905828
94303.0356715 434069.006509
96424.344567 441667.244826
90252.7021347 435620.290519
91090.4325868 436195.159685
93765.8417351 438315.112874
93745.2739858 438314.808695
88599.0688318 439621.387603
96152.8219069 439954.457717
97440.0133245 434776.874465
95876.646047 441708.078479
96976.7564583 433589.487193
91007.1289816 435879.593343
91466.3494823 434046.822948
93762.9446386 438308.806878
84448.282042 431239.182909
92376.1254232 437407.586593
88528.5615134 436521.946602
92696.3558688 437585.597043
93430.8250908 438386.983602
91140.8267337 437898.944667
83080.9617582 452999.441799
85658.4282429 436313.60858
85071.8708876 438055.949376
86120.917724 439156.289069
87430.4049741 436812.696238
85885.2901062 439114.372817
118158.864501 439692.825266
112365.021973 426476.143846
112830.902244 425783.583166
90211.2656195 420943.3765
87774.3745486 417912.817171
81613.232755 427714.569823
84914.975173 427988.38635
83359.0569581 428556.886773
84907.0507283 427988.497204
84906.669958 427990.838914
86160.4504436 430559.935478
89269.5138553 429767.62957
65917.7122075 436856.156725
97731.0336001 418290.960285
96595.0333164 416985.051524
135716.350733 444853.300215
135705.884623 444881.708297
84007.6662381 437964.814445
82877.340836 438795.412691
83446.3853239 436153.303527
81589.8671038 436616.464042
82756.2607077 436508.573896
82756.2607077 436508.573896
117291.518417 447419.491204
115473.130413 447408.102124
91552.1257643 460274.903763
103332.354989 450235.949665
104588.671969 449927.145059
82360.4968494 457015.201464
87432.8272097 461450.944798
119755.985568 455217.815037
117089.42899 458654.146744
96505.0411214 453688.938918
95567.1945573 453134.758503
94546.8077694 453193.329501
96727.2304936 452386.533504
93538.985247 453662.603521
93536.4349976 453661.522448
93609.6025851 459457.455068
102606.962231 425596.768762
104332.131424 426350.550699
98448.5144616 427659.159389
102295.918157 434247.971124
104053.737638 440490.626363
103170.945416 438376.587425
103284.764372 438403.33219
168249.349795 545708.05504
52269.7046545 382872.38835
52270.0500518 382872.270083
50389.4048846 392550.663063
49863.5361206 391724.484329
50478.9844537 392884.066473
160956.430741 432302.33312
165399.506309 425683.537594
61449.7937609 366906.891403
64019.6756206 365598.840534
58831.938699 393047.872188
55907.7979637 388935.848495
56225.3481627 389732.538131
32394.8619365 392286.81227
31378.2934716 391423.973626
120586.54853 429272.187131
109700.165939 429794.467089
116716.06083 437410.079327
60903.1944144 385451.65671
124998.332735 440826.607921
42837.0488722 370104.646521
47780.2018922 370694.926475
47770.0815582 370952.395574
74940.9986543 395136.032509
63739.4766314 396037.105035
73626.9719931 395101.058604
24421.1241148 396476.727598
24674.8258043 398848.055108
24038.103764 398538.011996
30829.6310234 387168.849266
30510.3970667 387015.327701
30044.5082023 385976.183423
32386.556928 388538.283565
135050.754808 433249.748742
135030.364406 433263.179365
133433.833739 431432.276557
120866.722379 467874.157023
123366.453834 468880.644381
191415.421061 580876.875673
192951.078988 579381.4427
134046.546956 416343.12451
135980.011101 417489.347662
135981.255276 417489.676678
181076.578462 379904.029929
180484.492656 378599.405868
121285.899735 384096.331584
76898.677615 388013.831501
79588.6713978 389722.970908
79969.2866833 388010.114479
153744.18644 390249.839534
154663.420797 390001.076794
174494.65086 401382.54421
194628.596585 406478.140833
194628.596585 406478.140833
150738.997937 400359.428681
111289.101535 398943.907862
114311.655061 398571.226776
109412.557827 403674.080793
116648.204503 402054.214934
114909.136774 397634.780889
110160.036382 403490.497807
111651.469961 399090.295923
183327.291674 385872.126797
182827.001512 385236.507049
262617.154816 568909.993889
124219.758854 404570.023743
151477.575649 382905.621764
150291.600497 373592.196059
161529.115072 383461.45644
159256.487432 381582.007285
161352.2767 383504.948331
156610.56215 384436.736024
101944.022267 398488.363032
101943.821343 398489.032627
106276.586084 398461.380132
117539.43754 412731.833084
122749.813315 400850.476799
123359.972973 399633.295533
131249.926052 392007.29047
178557.313493 418451.578162
140152.002117 404192.673649
176939.720558 386147.787437
173380.715075 387791.419976
172936.031416 387165.327938
176715.673142 387695.277557
172936.031416 387165.327938
176958.451956 386138.413244
148607.6978 411111.125529
150096.415947 410151.786626
153002.547944 414097.049767
149008.18732 411493.633554
148211.094834 411501.987741
150095.997246 410147.893624
150098.28065 410149.337524
148429.894344 415306.016972
150947.476614 411801.057547
150095.51221 410146.892934
149781.133353 411997.915402
151286.597764 415885.440579
152591.194273 411027.437801
136870.772085 410050.893045
137884.49851 414886.673917
140232.479215 386641.950834
131104.470605 406721.917161
183926.39407 410040.399551
167020.541505 384080.20238
149353.184483 389722.226703
141099.590571 398354.101575
119099.454535 406385.453845
119023.661578 403959.441296
117955.191046 400552.340395
119090.477093 406388.187665
116646.948348 406130.421463
167637.137526 419810.093806
162498.798015 419036.563401
163546.545954 418538.541171
163838.772925 418619.140689
99775.0016701 396030.241347
97633.6473544 394367.134155
101185.357519 394697.966439
97942.7338478 393537.841136
99799.5460998 396200.960726
97640.9577382 393770.204801
97941.0156484 393539.306754
159737.05751 402597.323983
152365.805561 406410.085447
152716.137511 403415.674492
159946.460351 396966.36711
175640.173029 381065.920064
177990.381056 375064.215458
176700.073084 381326.528388
163571.875067 391598.818358
161344.639238 392751.972408
81068.055152 399453.923793
81450.4582496 400784.840166
80974.9207012 399413.123183
131151.012469 495267.894263
126301.641696 496619.838722
130885.940201 499991.769199
129552.818804 399234.292832
133118.075357 397146.28051
134592.144732 398162.295988
129553.019419 399232.845687
131714.893799 397661.703161
139958.029605 400390.949741
135136.969447 396679.405051
135115.705708 399466.390772
171009.321211 408359.740246
171005.531731 408354.944847
158325.567663 374481.114713
158302.159082 374495.337856
160267.95485 372433.872341
166134.172804 402878.147537
163986.998404 403050.401548
166120.882444 402875.448454
155455.49239 381087.902178
155672.126342 379101.88534
156277.757471 380645.649488
156388.774149 379611.833856
154932.204724 381723.71827
148409.129752 407833.575696
147599.248207 405180.736117
159088.459522 377624.02498
131025.267904 409504.224973
134319.433508 410797.592068
131378.049752 409471.854587
120334.087639 424044.500072
122659.632198 419496.198455
121224.805452 424983.115601
80365.7836602 384945.879857
86209.3980439 375348.519266
127095.225089 420476.454466
104785.914251 387236.591184
121762.652047 500783.289726
116213.271845 500978.263118
196278.518976 331112.969884
199249.702008 322711.445408
199244.262099 322714.068468
186823.243665 328212.093603
200168.34347 364329.435765
201670.150372 400198.325857
201664.543764 400190.153089
201663.610468 400201.157765
196231.244243 327846.654368
196261.283881 327851.901215
195833.458799 410312.580869
194985.206166 411801.458276
196224.472845 411838.492141
192873.442245 326231.194489
195235.208019 321267.299289
192795.936146 326608.286451
192784.536259 325173.976692
195284.779336 323269.139769
194203.375747 326522.70984
202225.713012 321687.862323
202458.32271 319904.105003
198481.573542 318708.085244
178271.786007 318127.796476
178266.691606 318117.650784
173838.17026 317714.012307
178078.928021 317890.770293
175335.043838 316826.347185
180230.816167 322228.369264
179541.511762 323012.272112
180777.002476 321244.944196
188520.501199 419396.587066
191540.765009 416092.21512
188558.543278 419416.086444
180113.092429 365571.217494
187455.91094 321674.378478
198820.79337 355728.196039
197049.412065 356240.583886
196772.688431 356104.487847
192179.005264 328325.348145
197139.547942 316254.623351
182094.119014 328341.953032
182081.794924 331466.24956
196523.917953 309545.216147
211043.696316 376498.134708
209392.470183 374637.054924
209902.862429 377366.741073
210384.538366 376993.068157
210250.349636 377457.171962
195157.252561 392411.648761
197201.296917 393334.597342
196259.936554 393195.782037
192596.431242 322092.233334
177291.008903 362851.648069
177067.941646 362121.842937
178372.258978 362984.306056
185746.092869 319079.330652
160488.172655 502616.382311
163101.949999 502483.820895
161063.697602 503338.327041
200370.103179 383556.974527
199888.163264 380289.906256
200375.874108 383556.914946
223203.504421 436627.829572
223200.379072 436619.887704
223097.459384 434148.033265
223203.59043 436616.482557
94058.7377688 471148.207523
93620.3156012 470774.113084
93008.2485466 471447.735974
147500.868479 449422.420753
149241.487499 451693.070888
146250.753967 452888.31408
152890.346037 452648.679739
153916.685996 452799.755904
236483.974274 445581.071851
236566.256677 444644.463082
122488.886614 520869.681904
94607.8802673 444595.307529
93685.3041867 445097.531424
92012.4507627 444873.723647
93408.3391243 444833.151784
97266.0907279 447308.145079
193317.509203 365433.316138
196813.850708 364383.669158
189808.752017 349721.568803
190194.14586 355144.944626
186600.001088 352767.159366
187063.15206 349220.722241
240454.535544 602823.280986
241462.48516 603065.78934
246675.663506 604225.436424
175480.119148 395900.407142
177071.939209 394535.851764
174470.399838 397539.43112
177071.939209 394535.851764
90801.7180527 400483.873181
99010.7603228 398580.335983
166658.927457 373673.136213
171530.407953 394625.149479
172409.481518 391157.426341
167344.275317 394317.850628
171530.529712 394609.131371
226502.95561 597971.696703
139081.622815 374471.927922
140581.672455 377599.139064
139450.064487 374256.430719
203202.695164 349290.884846
199492.606871 352625.784281
158106.790923 415377.214719
157904.040409 415619.820896
161792.878832 417574.294529
101116.795291 460848.742736
101122.433688 460869.931365
90956.3515095 388720.837138
91694.1824871 392769.285669
89249.7060195 394484.822646
90741.9191228 394658.983958
89758.6349717 393858.003645
90718.7075146 393777.507142
92771.0125918 393106.2438
53150.7399937 407872.431308
54305.7252262 407581.384393
53147.5286893 407874.499099
44607.9755185 417858.122713
248942.79494 555676.491749
249986.328238 563650.271254
236553.21651 552239.40834
258827.354478 547776.032252
245706.194944 549332.883346
186437.245619 416914.721925
188337.401317 416988.821387
172017.263309 416828.174371
171956.270905 416360.975499
220648.603921 521658.215139
38369.7397336 400437.239943
135744.233363 475150.235339
137098.541113 469975.69983
222395.186255 572079.345212
230115.640284 498361.623983
238931.313219 491444.690095
238985.107493 491382.959632
212365.063462 532914.750856
212246.502175 532284.33464
210531.265309 541264.906947
211235.064979 529563.991009
215446.392111 534128.822869
193837.864583 402260.397729
190050.771417 434053.85214
190471.870929 434352.180239
170625.107903 369242.825496
204869.66619 534087.086771
193940.219509 521304.970052
198113.83726 531376.445542
193717.388655 521340.362418
100413.506205 406898.342038
102450.297334 413306.158156
99873.1123031 406825.351103
102470.143243 413293.824757
102455.640351 413328.018276
187144.731218 343272.03098
27462.4170446 375248.779654
23649.5570736 372464.409019
23201.031703 379187.716488
114280.336039 410374.957378
111089.355106 406057.089643
161482.722734 406996.242539
161482.816694 406976.998134
161479.209257 406984.224095
181730.33071 590761.253065
125388.50826 388434.449991
125391.379779 388438.549107
152851.549421 370435.329587
152915.607469 370282.685241
152908.4332 370294.034399
152905.855281 370296.260208
152907.248284 370293.923649
152915.402295 370292.25174
143414.212962 373668.741879
142637.161458 375868.302418
191161.922929 312620.949337
191161.922929 312620.949337
233555.789787 573906.811659
233274.869644 573059.530981
235227.186478 571966.550166
232553.578835 551996.398445
228450.78413 554447.881568
230137.615376 541977.461064
182772.102774 432973.233438
187899.734058 437265.162692
177736.998765 440165.38239
181324.047219 437432.230888
236737.219262 472453.662085
167171.25916 438181.686034
171692.898423 438213.879542
167785.084274 436024.19846
232133.441465 479103.243352
230586.490544 479864.561512
230632.080575 480437.84024
171526.474781 383134.237389
171123.287883 383600.36432
167044.70553 381486.513065
167037.52815 381492.502894
204419.965551 483069.793098
206048.274257 488962.181203
254846.149616 485713.567133
265171.154084 489077.582238
77196.5886866 443706.836033
72019.1011497 449655.571489
71577.1047189 448822.232055
77328.5695191 443962.239693
71604.8973495 446999.912058
76537.9534518 444887.071481
84784.2261932 442403.942944
77850.9984615 438574.100004
238010.4782 461277.925436
232318.821725 459774.232381
234077.074916 460185.656084
238015.252682 461283.123521
221929.142637 457128.319851
221928.025933 457124.744519
217346.982626 451229.198118
185831.027099 330128.485262
184541.875481 338016.660973
185835.126205 330124.394004
190613.326861 334532.81187
184539.354907 338015.86778
103762.346031 469131.30118
102842.375351 467642.942774
104037.636941 470365.964723
103833.321535 468750.183674
196074.35093 589397.520915
194639.97004 583455.057724
194642.777074 583438.499785
194786.354832 588173.118856
100657.337075 442553.785095
101449.902999 447851.088617
102338.486194 442635.780345
204933.456767 369961.718988
198496.857294 370536.128443
204924.806766 369969.42118
265628.74274 573358.603617
265066.493929 575262.412081
198712.42007 515655.687096
157786.880419 554811.366097
172359.958252 559253.415581
173317.999685 558846.468608
172546.999139 559795.200794
172771.845817 559547.44189
110852.599518 455407.67712
109430.793817 448921.625242
182271.750786 312425.223605
182271.750786 312425.223605
128006.701678 464642.832482
130774.629525 460205.846864
129362.674643 461782.320529
176131.725394 583264.432267
116049.576926 541468.243758
121529.276401 538721.071437
115913.88735 544625.836201
86712.2093308 456600.284827
88738.0158607 454965.63347
87268.6226031 457086.334597
87650.1778411 456684.177885
86701.6402696 456609.108237
86471.469033 454604.925789
86079.4143942 456614.132411
84941.0061227 455210.690396
88208.4495595 451227.970002
87991.0533826 450723.106997
86739.0993905 446679.615457
212391.819309 432314.594945
212367.362815 432411.771507
253270.417113 575962.885251
254504.497118 573031.730026
