251694.149102 593664.282764
251978.540462 593307.934124
251975.652428 593285.947666
235327.491002 591615.902184
236794.070235 590795.238525
236799.100821 590805.23003
273982.635476 570706.346909
268483.790674 570249.746198
271138.427114 569373.835443
271138.427114 569373.835443
242560.46625 588048.512725
255409.785977 592887.659985
230215.151853 584316.681638
234022.976472 583163.739872
234383.823647 579133.30471
234007.092256 580812.345078
233716.570952 580400.352937
234295.065936 580564.996555
230107.259146 582439.8983
235784.353673 581447.086576
233557.990815 582859.961671
233810.300812 583557.356175
234128.780974 581895.809016
234396.007793 581343.730377
233580.003072 583241.734145
233418.321373 582713.664886
232835.769708 583952.833366
234385.851814 579140.015884
234906.968117 580755.640787
230849.55264 583313.415901
232897.195939 579765.882408
235292.425796 580267.455821
233753.617876 581068.176939
234940.220007 580632.320301
233251.250107 581767.264957
234302.408303 582940.181407
230227.288471 582217.404194
229924.67242 583008.88222
234532.487057 582124.169257
209425.285149 576356.327789
209406.826734 576457.276772
213707.402967 580662.76103
213753.004302 580697.927929
237509.84328 576756.706711
236735.973298 576000.726121
238188.088361 576484.787995
247523.364477 575264.54731
246360.932923 575182.712931
247737.243278 576335.037263
246907.97323 574709.290462
220541.45086 574857.909415
238440.525894 596706.480888
245642.135244 594381.649683
213200.157984 573423.017656
213052.379566 570418.344472
143469.40132 486663.043034
150249.616527 490309.604211
143049.038018 487340.456786
147169.296981 490216.523125
147273.764815 489616.818238
148820.34385 489275.762197
143770.950855 484422.624993
138948.893968 483729.943548
142737.977212 485738.744453
140277.646767 485845.598003
144622.603895 487194.71519
143729.449452 486952.921417
147922.968196 488483.072107
143043.391927 486640.249093
139395.53526 484567.462603
140605.235426 484974.974083
150960.064443 490183.03288
143313.899672 487195.083042
266407.066072 564455.965565
261255.607332 555353.137046
259019.980536 557658.77149
260585.38921 556862.554789
266406.995856 564429.917562
249448.531758 582571.790185
242600.436679 581875.670753
255391.370721 570822.794789
253863.057969 568426.717507
254559.232105 570424.448563
253881.68716 568426.542498
253873.087183 568417.907375
254036.073662 568892.503804
254796.822971 571930.848031
254751.711533 569409.995644
268879.433413 542892.852955
268880.927609 542892.331437
270590.653227 562039.674657
268032.608728 544819.017824
165775.674793 481982.428315
163689.014956 482949.205585
188984.589568 549596.065464
176112.618644 546902.509589
183165.040803 552315.951817
188705.060479 554098.818937
182652.597439 552451.644868
179851.079514 547692.739966
183496.46696 549873.731572
228594.936187 591329.613437
231070.048507 594957.821307
228496.75827 591336.901082
229194.527749 598552.326012
181411.648533 569883.821865
182233.849233 565892.957074
180289.256185 568516.917053
178549.331419 565257.803702
185168.043056 562626.797557
180476.626148 561564.966225
222236.08201 585580.935114
217381.021085 589225.565895
215033.045161 585009.350807
216344.807489 586952.232885
223659.729777 588115.623552
195532.274525 593298.694841
198695.126672 597272.836943
205318.967988 575246.377471
198885.055829 583595.310414
198883.373709 583596.741748
207014.270215 577864.185721
207013.119571 577865.508701
182409.551572 607378.310291
171458.380924 606047.792323
169682.817271 587111.918495
172637.338108 587449.799646
163571.751549 580254.092009
166803.288762 574242.23715
166211.07969 578292.814092
158547.322101 575109.719596
158104.177717 575585.781942
158449.775169 574798.969383
158449.239508 574799.859199
196768.708482 550176.361422
192199.700528 549881.693561
190982.037862 553047.19934
192112.360299 549874.348406
206078.975453 588162.436063
205447.126785 588218.634278
199207.277168 585392.493322
182920.093881 578597.956561
185054.704264 580183.514957
184067.849856 578102.104208
184140.892252 580410.357096
181100.853248 580444.541649
181126.550418 579710.131211
182806.695135 579105.620263
180208.487527 585646.214328
177162.518895 540243.748036
219330.8783 552695.20357
219509.772907 551987.054528
214687.94292 563383.726369
199145.015709 559653.515941
202539.638195 559193.830357
209953.609269 563596.111625
205988.863244 610370.952326
204051.504374 568595.274373
203331.445267 568700.070716
203618.343366 568440.998457
206670.693559 571099.943162
202177.640024 570197.945787
203980.033167 568992.486664
203315.503313 569864.346588
201740.405052 570051.808938
149333.065909 600492.52692
134002.284594 590118.807072
206084.790836 544803.05404
233627.113592 557379.072292
230212.012229 557708.094039
233808.336886 556734.65518
232354.912942 558242.984913
230196.256633 558190.833744
235462.355135 559057.637865
235462.433331 559056.971428
245890.906992 521488.833595
245887.139829 521083.800197
246287.190387 519943.578535
247191.176279 519298.503546
247388.306394 519943.667443
256571.642749 529639.398849
257409.873754 528888.668106
256059.039387 530010.819405
259204.959324 535133.815493
258400.554462 533454.037287
259145.709242 533231.06515
266821.612646 525753.663442
258941.968416 534467.546407
267130.177628 537635.556632
259193.490378 535159.056892
259142.210901 533230.545214
229628.52329 525771.215647
229626.384736 525774.076175
228706.137354 526974.132318
227023.126908 525591.328336
229628.037221 525767.647343
229629.308953 525768.44572
229625.863155 526586.282357
229631.683744 525767.814351
211290.012069 523242.35657
209562.881109 523002.675591
209224.000278 523469.570575
209460.29737 523969.348627
208433.714217 523301.861252
176838.718635 575300.219948
241629.095467 483664.472824
242703.849745 488374.768802
240864.15893 486336.800173
241388.788383 486158.349889
249480.771962 479633.12983
247040.139664 479547.024442
213941.54786 503512.761139
214196.062135 502472.372973
214202.914626 501943.05463
215371.816674 511870.715226
214310.114912 503900.730888
214109.131515 502316.889961
214306.928833 503495.684883
217782.762242 505308.14229
214314.279248 502133.326296
211297.310575 475232.404313
206914.619241 474355.619833
207417.870964 475291.481249
211650.212418 473129.080121
209136.803934 474999.688741
210333.750125 473265.059257
206391.011355 476347.112657
258992.172457 471134.011834
257904.510214 468012.38962
256078.219305 470110.476459
257381.025339 473399.493621
262487.977984 470849.515357
259041.197511 471106.998455
259041.425789 471118.91026
258471.649011 470849.141553
258089.49017 468226.77261
258624.190399 471411.957798
258783.794532 471769.615751
255938.574905 470364.905874
263335.483616 470765.370951
259098.429234 472328.504015
259079.259915 471221.192756
258092.495545 468226.946379
258545.384853 470316.648934
258096.352547 468228.918328
259039.466203 471121.094718
248035.810339 465741.708134
246810.649877 465183.886826
238906.937527 509779.596909
229082.370112 513711.422323
237689.065418 509206.419615
237829.362648 511213.002174
237691.707055 509202.569458
228381.891082 486264.344562
227607.829429 489373.725066
227740.365141 486081.936576
221001.172293 485222.923707
229737.531791 488410.806649
228352.454085 487336.971819
230305.746263 491027.486861
252353.499201 479660.496832
252350.310829 479652.644563
253051.305802 477206.691309
250301.839812 475219.637432
252341.144346 479660.809913
251251.037506 477032.235842
252341.430576 479663.597504
252890.297928 476788.546639
251197.277386 475095.863302
190049.978758 507887.205366
191168.819082 506783.615305
191031.495197 507538.28311
265262.349947 482018.215782
266136.201906 476883.000421
264689.471145 476568.156643
265977.246146 475736.191997
178467.050284 523606.67635
184686.120979 516862.653008
178353.694085 524075.212926
179226.701656 524775.074823
259916.912287 483289.281185
259986.703684 481278.65091
259925.23986 483295.244851
259944.960619 481413.529502
259920.075496 483288.012986
258760.167738 481855.224955
260518.780814 480381.467886
226145.212475 505123.551193
226140.492199 505116.806554
226145.235043 505121.99373
215776.015374 489210.120952
212884.294663 494070.213067
221625.881729 491507.006456
221381.470698 491380.20287
210153.267442 521445.753289
215957.114076 519280.367363
248665.343101 487680.74073
250789.459391 488605.200008
169206.172025 519364.670074
169568.646556 519379.309955
237048.066637 486517.447817
235834.794393 478633.960283
232110.601201 482585.466287
202195.494637 503344.914181
200241.314542 504620.720973
202087.482351 501491.482349
203986.601743 503287.903858
202512.627424 503096.964456
202855.663192 502834.266816
203859.452967 504053.792051
204215.640224 501313.063368
203477.511794 503351.947229
199805.826252 504961.305094
202855.663192 502834.266816
200359.667393 433302.78747
200357.795767 433304.216737
200358.213813 433303.664283
232932.179483 433295.582056
194649.923019 471485.871819
194077.756295 469604.040003
194416.152814 471203.31398
195849.836774 462461.66448
196217.491726 469809.837106
195623.605024 468331.607023
194418.891478 471202.556998
193594.802447 470096.665784
196217.491726 469809.837106
193293.7919 467063.253949
189894.055948 441303.277652
190258.091275 444008.710178
187856.083461 441713.969522
190621.142518 443947.321366
190521.558438 439221.701597
193938.753791 443748.16643
187857.457084 441714.089809
192968.532001 446561.288263
189306.069223 444555.864799
189529.674063 444420.350156
187860.241562 441719.114257
190131.024769 444104.933283
187857.526534 441713.979019
190533.311333 444204.34545
186945.114001 440168.289599
193467.859756 443614.019273
169609.090861 460950.444885
166950.76484 461842.66226
168569.206645 461281.571664
169630.839556 461445.004638
167974.535588 460780.481465
163800.444866 463661.429211
181525.328189 429414.984246
184314.377219 430390.130857
184467.148133 429534.886542
178961.154086 431071.167091
206773.71502 454708.102688
206773.672861 454698.979441
151697.183056 435479.647377
151427.081456 435699.538395
159888.127952 442293.842481
142468.021575 440105.765654
143534.475162 440714.490426
145734.452586 440541.50021
144655.606153 438349.664373
206246.393914 447420.910564
222800.186837 439167.898188
215431.93247 441574.443476
217284.609382 442018.425197
217567.790454 442322.912341
218655.545206 440487.595772
217575.240203 441766.95126
215277.082444 440913.945105
215085.97011 441292.243003
216942.434529 441990.025273
218143.602382 442149.484001
174286.157343 433128.78529
170189.383407 433143.594614
170666.676876 433016.580044
169538.778099 432042.577226
168255.106508 431137.609668
198125.272817 439771.385595
198118.953095 439770.774789
197060.573693 440053.667338
198398.639497 439872.320086
173618.26417 447649.824438
172586.023865 450414.542921
171196.085231 448429.763792
174853.777186 446568.275962
178313.879763 456855.920214
173238.078277 448720.829444
174429.393002 448447.216754
174447.182355 450903.937499
172994.23883 448880.02593
172287.742198 448045.961974
173788.857695 449370.66175
171309.155487 448437.36352
172370.777445 450665.760203
173473.014492 450522.436321
171903.23304 448158.336253
186949.929945 495239.043579
186953.602297 495238.844903
184931.500794 493398.53285
193306.650488 482251.598538
195970.679862 478345.88378
194165.563068 482597.329395
193437.973495 477151.146081
191237.26767 480692.771781
195970.338796 478345.880954
194373.1831 477383.013746
195626.070012 484254.379577
171038.183448 478749.843912
172934.967662 478169.177795
145520.82133 432447.931932
149342.260186 432865.987838
193275.528903 420454.706254
193504.529735 420624.215819
170980.95619 482776.733185
170555.106482 484301.970846
175362.329609 485538.119091
172453.138794 484909.189265
199270.568375 497480.626194
199392.855598 498628.484408
201023.372768 498536.439437
199974.734783 499395.570342
200082.135926 498253.576776
201961.665696 494052.842201
198705.102439 489182.009405
201456.908935 494071.530024
187277.857386 422316.619226
210766.581339 471354.830049
227050.529388 464594.15166
224181.851426 464234.122125
212162.352025 464938.25973
224457.079153 463718.374649
150716.343331 420186.919792
147143.608853 416938.655928
199871.807066 430383.45555
159898.387655 465531.346486
159748.348932 469949.311745
160016.04034 465034.965202
160033.202113 465040.544967
160021.772099 465048.320728
162671.778077 469289.265907
160475.890189 464828.641844
159741.931286 469943.854419
187664.742987 428358.610945
184537.648015 428770.827235
187510.580141 428415.34444
186700.966558 426399.513416
186274.058866 427374.229017
186272.735596 427376.445657
186264.475515 427374.836685
188437.367116 428369.270503
188050.26689 426372.741681
187864.824925 428361.143224
183387.979644 426052.151682
185919.380146 427099.589354
187043.964165 428975.572669
188433.766285 428382.26219
189105.195324 427092.780373
187761.522086 426455.503589
187848.713839 428548.374741
188439.636406 428369.953123
189636.249747 427141.365819
193430.528331 495140.958885
192218.500592 496801.958859
197903.721972 498735.874199
192222.92651 496791.867866
196115.933295 497837.650378
162065.61314 473415.254982
170829.683578 474097.234119
167833.400192 474323.296301
187617.284494 444509.160368
180895.466816 447475.177022
179092.076443 443739.385533
196342.120768 444516.208707
196337.941917 444506.606633
196324.768771 444496.5963
196342.614434 444498.079152
196325.297014 444499.159411
196329.768125 444506.650158
203163.783742 453242.585767
194697.903711 446766.773712
161049.493766 455205.558949
161149.259946 454885.737444
161076.76225 455211.376983
156989.923377 432384.618494
158437.151032 432953.853998
156456.240608 433063.238265
156261.673696 431565.079457
155520.752239 431100.954614
191818.905931 427192.303012
203706.021848 472597.647468
206634.078846 464830.371488
206569.697853 465061.669557
175380.493266 442225.92704
174113.113241 444018.74796
173355.209155 442696.86763
174429.39307 441783.383544
173049.846511 441871.428302
173932.387301 444184.593239
173047.50617 441872.53229
194918.043927 441645.293308
195008.202783 440548.103051
194497.741494 442147.908766
246489.428907 443488.703086
247750.190462 443557.486032
246584.887287 442799.254061
177872.431337 421696.923862
147100.619962 423714.663909
137331.035027 421264.309191
145443.329061 423141.203461
202080.949347 438774.148096
202588.202637 438148.610815
202397.499457 437872.455848
201771.066974 437586.87176
203189.420708 438412.584426
211177.534417 461099.78757
214090.248669 460416.865857
211137.642209 461152.517016
211353.71375 460753.106222
211356.30626 460753.914426
213443.32713 460010.246435
210433.243539 459405.232214
181896.623693 487946.232718
185152.994392 482653.682769
180704.07316 487192.581332
177342.503589 504216.263265
179719.390916 504717.407065
172051.383693 509369.934663
177382.179098 502642.04921
176242.822397 496041.639998
176251.340236 505146.979617
154822.041841 428516.991832
156081.777036 462758.760663
155385.33272 463508.90981
154656.159004 467683.145284
153710.417732 462997.991983
157010.244614 465521.43699
156295.881478 461991.428651
154662.16372 462500.004443
153520.525698 468451.189158
154178.501556 464616.542922
154096.554452 466860.3138
156391.017589 467821.276175
153558.762342 461960.319509
153416.286529 461571.999231
155240.353787 464985.266617
155584.563736 461761.791151
154295.263833 461727.097655
148178.14737 469633.672534
147999.789273 469530.237555
144033.876833 460838.496381
142994.618608 456648.889017
142327.095681 461425.271815
139168.711475 459451.902602
141882.655962 460252.097636
140682.215353 458867.712929
140095.518603 457286.947171
140104.336512 457234.857145
142502.242549 452482.145043
140060.079919 453354.705178
153493.384467 472922.503847
153751.83441 473123.68156
153759.692706 473145.929407
145732.918287 473136.090249
146613.789071 473498.41655
145943.60576 473973.297324
139672.710569 449962.318997
139841.791984 449749.989506
139871.56991 449841.120588
138857.661797 449106.965018
158814.228256 459631.507073
157685.593098 460075.75612
158573.872889 460330.626051
158791.977274 461153.681622
157617.142487 459919.529041
158201.925751 460435.055741
157875.401853 461569.352943
125531.208127 442699.829874
126894.412378 446734.784384
124615.010753 442858.621673
122699.181083 453004.56227
166046.435889 453345.097114
163809.052217 452653.913261
167261.217431 440949.548854
163034.24755 443883.703636
148005.120835 464781.267832
148352.160454 465837.867747
147061.654943 465105.639919
147096.066904 465111.369871
148913.165619 461911.332082
137742.379914 456466.767852
137641.817771 456079.310523
135561.848223 455791.643313
135707.814867 452806.207541
135502.057831 455187.805127
135940.73629 455598.943165
136757.537313 455755.297599
137298.532865 453633.645165
136625.565755 452545.866849
135300.903618 457174.695968
136984.683969 453082.209098
133272.50202 458895.139456
134123.521714 453147.008123
131580.249179 458810.823534
135481.520065 455455.435082
134853.815989 459214.656455
136440.225997 452730.556313
136483.990758 453859.881345
137896.47488 456308.709639
133321.365148 456185.486457
135039.411162 454048.022226
137059.065757 457982.038009
136414.101358 457041.697022
135241.518033 455038.204466
135632.968985 455578.43874
131548.486414 458102.433775
136422.22078 457032.87814
135237.498929 459060.483826
136945.313752 458458.144023
136304.278996 456876.350216
165253.887753 449192.823389
165258.151235 449188.271104
165033.142248 448960.316147
165259.655255 449190.94409
165256.568294 449190.603998
165582.151213 449187.724998
165574.857068 449197.610354
164994.827634 448870.575399
157773.943016 454249.387304
161078.623619 452564.727347
156787.709899 454473.206988
151597.758264 442540.460466
151474.916617 442546.997873
151469.830261 442543.997876
130666.312124 448697.696326
131331.227702 447821.986847
131739.73228 446789.922228
143324.100803 456739.660501
145923.095563 457924.909726
143613.600498 455291.226735
144630.115642 454994.868564
145456.057117 454902.994807
143611.77157 455300.575621
144830.361947 455190.026217
133791.211348 445782.67446
134853.231457 447570.21987
134567.192605 450776.835273
134183.88979 448757.185933
134569.850348 447459.126015
134611.639125 451697.663871
134435.301179 451743.666449
135219.338716 446945.553829
112194.975659 473923.570636
112117.263987 472432.20895
112537.075818 474276.193998
111382.620217 517110.95147
109908.139758 516200.262806
113157.533026 519270.332536
111833.272077 515992.202766
113569.22352 518418.217263
111630.214464 516890.45104
111329.194358 516046.074501
111205.025888 516793.988046
113477.230802 518397.968247
112276.505434 516055.517978
111841.968163 518980.903744
113096.02738 520469.288151
113478.40304 518384.606623
112218.568982 515816.807025
112807.551749 517880.200156
112848.47679 517893.977974
111114.006489 516811.381651
119898.72061 478468.059598
118957.651682 479425.606815
119038.932994 479404.766589
118948.670036 479381.726938
120140.110394 480176.768437
117350.524758 475596.538605
118129.193685 477320.225486
118977.032505 480755.73245
119749.186567 481402.447579
119945.83963 481273.328479
119303.542294 481441.805002
120714.795281 486042.645509
123159.270528 491737.105709
128054.030841 485352.507147
120481.998544 485507.574091
117484.414848 486700.52814
114184.336976 484808.330423
121081.377648 487302.746402
121834.836281 487902.40621
117226.294046 488405.717392
119578.778522 484171.68182
119167.831415 487396.267838
120392.950399 482053.628944
122478.018027 484004.876455
124669.761879 486481.683451
113910.838108 488321.192721
126354.529786 480979.138042
119413.753376 485759.255185
123001.897944 488725.883301
121333.227744 487249.28746
121333.227744 487249.28746
114291.183696 485364.285814
118605.190297 485448.29663
124941.725117 480474.653271
123017.543121 484321.986717
114735.776426 485761.050079
121489.366692 492245.495016
124041.355405 485176.011152
121132.502335 486775.15685
114752.465115 485168.029374
120481.998544 485507.574091
120724.049186 487697.836465
121802.586466 487005.239297
121333.227744 487249.28746
119829.607175 483428.264163
122622.10137 489013.175925
123008.925949 488717.938585
123503.476932 487204.580795
121333.227744 487249.28746
124548.727209 486534.384775
120410.950869 485750.384991
122256.416517 487584.95998
121333.227744 487249.28746
121333.227744 487249.28746
124184.385522 486175.626168
121837.540874 487859.109747
121333.227744 487249.28746
118460.755826 488268.026915
123175.896213 491751.684057
120895.13107 487734.143621
120413.929218 487525.552745
121300.451354 488023.180382
114297.720565 485347.432193
119640.843123 486652.226817
128244.547697 485627.157064
121333.227744 487249.28746
119533.221857 485976.677968
115981.602667 484071.635541
121333.227744 487249.28746
120140.885155 484574.651112
119872.314624 483329.611015
123604.189221 487097.913044
122037.206012 484296.616276
121265.13762 487249.752632
124293.896305 479970.987685
121333.227744 487249.28746
121927.164045 484550.011194
125328.119772 489560.545047
120978.952521 486184.781221
124551.48003 484982.481987
114338.216845 503711.164391
124882.690754 502959.185925
110883.176843 522292.2524
109577.564191 520142.208371
108094.980339 524474.562676
108531.329415 520425.306625
108167.529387 520195.00778
106471.01557 526457.86101
109176.369424 520220.49913
108746.182461 520936.538626
103606.189382 514592.709686
105412.883082 499785.499106
101076.258094 500899.275267
105412.883082 499785.499106
105412.883082 499785.499106
101496.745082 500885.445431
106590.239864 500967.380118
146389.687172 477572.879087
146688.175509 477619.983482
102894.013553 490534.89559
99009.4430963 482751.062985
102919.777856 490577.347326
140876.976547 476388.161128
139669.648973 476601.350939
102034.415037 507921.845386
106887.47791 508025.619645
108339.756968 509386.246529
105747.753302 507258.641086
106880.663567 508029.135637
107574.26668 508917.159852
105745.584345 506562.710903
125620.936552 483800.047936
126784.242013 484685.850515
126045.82423 484630.828235
126684.174783 483785.158146
127404.437177 483472.240771
131904.350993 500776.131049
133890.944585 501593.831169
132468.07456 502785.475966
131912.441912 500778.318165
148121.891496 523828.081752
147485.642807 524480.893675
147489.386815 524498.689596
147487.461177 524476.8855
102930.679134 486316.415901
105498.637517 486320.804247
105983.405675 489338.205493
104910.796872 484537.360222
103614.02263 488563.595545
104004.166529 488956.409354
102776.575848 487007.966295
105473.400346 489456.675728
102515.031651 487113.657307
102781.514926 487004.909998
102790.268879 486976.223572
106981.156968 492460.450308
107858.920952 492279.520323
112661.568796 480528.447221
102759.440623 476786.244362
112324.760493 480193.682852
110773.490668 487875.039784
103841.895825 479284.79411
112342.409296 479615.334426
102780.581661 476791.361515
105666.521253 478929.583417
104430.576353 481488.543472
113056.138933 480018.20185
112351.25762 480213.92519
111145.79667 480519.303561
106939.644766 479372.974505
105669.914635 478900.511389
99565.9439775 474490.800981
112351.25762 480213.92519
104712.569969 480719.319631
111093.491202 525530.756954
117013.827102 526641.164998
108049.304421 500804.136314
106455.402966 502434.251771
106644.936971 503192.080408
106773.617542 501579.074559
101830.748723 482501.594208
102492.129457 485646.050558
102993.572739 484463.505502
118358.263935 519554.610037
117768.48387 518368.771429
116459.62584 519241.420112
117015.97729 520292.513378
117500.449821 520678.419099
117347.104896 520842.376239
107230.961886 512883.81954
110393.328796 514499.375435
108604.228249 512596.135659
108452.792574 512736.429174
111861.507968 549418.451632
113599.742602 549417.10754
113598.317468 549415.561888
111824.580453 544491.767486
140371.771082 471805.910228
140371.771082 471805.910228
139544.828809 471895.863692
139107.873574 469097.433593
141316.041674 469843.444928
140230.124609 470229.815892
140371.771082 471805.910228
140644.177825 470325.163308
133012.314246 517070.347321
135055.38579 517944.33023
136008.671732 517995.611035
133942.160445 517180.967144
134786.117528 520640.047182
130192.751609 516689.075084
130811.749979 517049.241553
130867.343524 516684.367526
134785.576041 520639.93816
134780.779941 520641.293117
145205.200808 480125.054985
145948.5383 479315.29093
145433.946446 478032.096425
122869.705328 494266.834837
123099.319808 493152.780014
123362.27287 493886.486708
122241.2562 493608.332724
117329.639295 525285.958537
116399.015249 523567.063955
144621.611198 473637.137549
144609.476481 473646.062964
144613.430034 473642.939681
134033.480212 521731.124761
132465.632195 528087.709618
136375.444762 531487.320891
134045.710017 481461.528499
139425.08028 478375.895007
138546.722169 477643.705664
118536.314558 497170.467491
125787.145368 524041.75914
123938.318174 526719.593168
125392.633532 528204.382867
123574.905084 481885.172993
125972.871175 503251.684137
126832.802809 499959.026425
125251.493551 500935.16585
126405.434305 500139.615863
126833.213405 503477.535145
126130.603257 499656.920419
124469.735578 501888.653131
115027.622574 533005.778968
115026.447501 533002.339318
115832.283412 534118.260897
113947.55168 568704.01238
113340.822765 568347.333814
107742.890604 503641.240806
108229.832787 503488.601719
108861.836982 504771.92607
115327.509173 473629.242234
115532.647703 472149.153089
117249.774452 473420.630599
104358.493679 494549.931806
105267.726204 493551.112339
103848.068066 492712.839031
101333.851491 496797.200007
104356.117464 494550.29003
101054.817276 496565.153643
101492.638101 497223.608363
104608.560006 498138.545725
104866.900192 497158.696489
103762.971374 496580.827042
105297.105337 493881.148131
130461.18693 480030.861842
130459.511162 480022.971258
112345.71756 511866.301369
118562.765099 510582.697373
121122.647016 512546.559042
96257.0626566 486840.184043
96422.5526224 487086.107899
96584.6150538 487797.264055
112225.349345 538785.392791
112438.658165 538104.33371
114984.30098 536780.673817
128736.429913 509218.917807
112880.505251 497507.912465
112880.505251 497507.912465
115784.361155 494727.708018
112880.505251 497507.912465
112880.505251 497507.912465
112038.22837 499531.443584
112880.505251 497507.912465
112880.505251 497507.912465
112193.707375 499882.113908
114251.105516 501021.842361
112880.505251 497507.912465
112880.505251 497507.912465
112029.105862 499544.651968
116219.929843 498446.847421
104360.495715 431662.660223
104549.240631 430445.126443
105220.135771 430930.135063
104353.800659 431667.956713
105758.335017 461788.165865
103838.564796 459116.992732
103834.460414 459110.804746
102860.559625 460602.617435
106091.266399 459820.131488
105871.37284 459077.123125
104724.26556 462334.328626
102891.62726 460568.469988
104624.305689 460474.83345
102869.313619 460575.601892
93616.4676479 429777.879141
96282.5088328 429803.205706
93614.189813 429760.662804
93622.9031257 429774.57392
113647.196576 438486.049085
113644.515761 438486.182521
141309.846039 523009.301918
141310.245067 523006.96433
141341.157698 519190.213645
141302.73821 523005.65024
103902.485495 453924.229017
104204.974361 453314.245582
71885.6847884 433041.855533
72539.7994053 433674.464352
99183.6602658 437354.6284
101920.813665 438500.072683
101918.474551 438499.98628
100762.200504 440561.335941
98461.2161576 436110.267284
99332.2786324 438889.144992
99376.1895371 440325.039065
101929.8204 438499.865759
98910.8276724 440831.438382
85999.7894292 446837.988337
84248.7046264 448715.22203
83991.7602775 447773.170068
83523.4650297 444172.498315
83980.3447303 447304.37393
82974.1095777 443922.833274
84898.7160025 449248.536321
84040.1333939 447390.416146
84243.4192395 448724.865396
83725.8205465 446131.326256
82946.6450797 444675.56607
84248.7448218 448713.218787
65174.7503808 414267.271431
109917.657892 423496.653017
108147.460438 422976.103746
105359.148491 424881.243732
105594.581769 425757.45103
109924.407835 423495.591129
109918.821363 423495.641333
109921.584114 423496.061495
108754.61935 423609.922399
108137.02398 424118.272951
109935.667736 423497.492414
103127.581594 416956.419686
109919.022271 423494.972043
105257.950283 425627.948526
105410.114208 424435.632725
49408.4375916 419662.042683
126519.955164 428165.316693
128680.228546 428073.183718
126786.182574 427487.555254
126032.340283 428302.495873
126624.00597 426644.459772
128404.175801 426980.555088
111199.554797 446980.796701
108528.89703 447188.539752
110638.456545 446925.237626
108995.439756 449991.857941
108654.209219 446770.626939
109374.64219 446482.628929
108552.013347 447341.294543
110890.454261 446821.763845
107222.662165 448393.503641
108023.92439 448158.154922
109046.762422 447059.694431
107234.191543 449138.000492
87572.5889435 453187.795365
81411.4795356 454983.938606
80935.4749691 454299.064226
81598.1769368 455529.589706
83899.586978 456185.535223
86566.2349426 452851.396707
75584.754957 452746.89067
78841.8412944 454068.976964
82986.5877236 454894.02223
87207.3917739 452847.407811
83470.9532335 455416.748206
78952.1086477 455760.710915
80706.3703471 454741.741919
79797.010831 458976.046095
87212.3736577 453767.007741
77526.9880649 451025.866937
80289.3908915 454566.628364
78168.6379435 453574.413768
82980.969615 456702.543728
76637.7667085 453954.881935
79630.8394331 458827.245354
78925.1135132 455882.40037
78035.9983921 452424.335573
78549.1246866 454644.021564
79453.9559518 453867.719051
79807.9305245 458955.297195
81456.2329275 454797.692274
81575.8851219 455022.3426
78863.8741582 453662.642244
86764.0335911 453217.839549
88255.9858346 452926.361219
86753.365626 453224.995143
81881.7546876 453906.891967
79031.5089928 454254.111805
80357.2937639 453672.73105
82297.5264608 454825.604405
81338.9916192 453263.570939
82115.9659871 455108.973465
82297.7468106 453536.08319
82199.8866713 455077.259084
81552.3224217 455065.414903
86749.2954817 453278.232888
81361.1376703 456338.852108
86759.196409 453230.144384
79992.4604969 450400.996878
78968.3013418 454712.255822
76946.9403843 450761.105444
79472.5002356 453856.200073
81447.9207028 455867.486204
120175.336698 427082.265249
120294.41562 427129.274763
70532.7208466 428356.524276
70528.7705197 429446.410696
69175.285374 428434.336204
70628.0164392 427528.125407
70019.8538991 428010.824733
103134.835697 427509.670866
145620.337897 522533.391802
98958.6345916 479652.717793
100448.177247 478418.992491
99967.4596758 477386.162662
99935.855398 478604.465945
100210.568751 478006.957808
88891.5270687 467493.112196
89632.9628381 469103.128381
90196.5488557 467848.830926
86719.8323194 468511.991371
89854.0761025 467671.630231
100713.088522 436786.418041
101574.505383 436777.582283
100714.611486 436787.291516
100726.917051 436792.831741
101165.17707 435914.878504
134893.550177 434366.490027
136064.877661 438493.866172
90998.8057548 462927.518449
93812.4029139 464097.974523
93765.2193757 462347.016834
91245.2376528 462691.927393
94075.1377064 463824.718454
93828.96565 463226.617357
92157.1740609 463440.088038
91245.8135283 462688.804742
94932.4107359 463959.016639
91648.1999293 464540.124365
95570.3841942 462907.628209
91246.8941264 462687.678275
95644.4007854 463854.991941
95645.6282432 463854.643489
97523.2959423 463948.920254
95648.8037874 463851.267784
98675.3527676 473644.386709
97702.355343 475900.092206
77050.2446954 437042.336234
76924.6637954 437825.014903
75279.7684414 438313.832949
72380.3667736 420176.039909
76195.7399482 429251.90396
76189.2775269 429257.234872
113291.174116 466305.686813
105752.913399 433026.817553
106090.276465 433240.668049
108068.155903 432741.906955
105169.111665 433144.403743
89923.5670623 471400.404444
89921.3303666 471401.768962
93341.9509027 475173.683845
97174.7555766 479601.946972
92577.8314458 466323.510067
92340.770616 466625.230482
79080.2002276 414535.531451
73708.5637092 411809.875988
78427.8231498 411571.294138
87212.67201 427045.925213
89118.3323972 425341.125046
87700.283449 425066.913572
88578.4992269 425723.064316
92652.854981 426571.666708
98373.3106646 424496.803564
98373.0574519 424498.808941
90670.4523641 426259.173898
83054.0639669 424961.427822
84431.9331298 419528.027586
119686.736331 448764.408869
119845.732444 448958.081029
106539.291801 427400.719237
106550.151367 427397.610508
107601.277158 427376.0992
108700.429688 427740.729877
106524.373249 427689.554446
100843.156091 431348.37207
99706.105636 429781.367395
100395.09008 430836.700351
101437.483095 433039.222797
100404.849012 431769.324026
100345.024469 430887.865931
92602.5059055 434716.735719
93860.7048802 434874.085577
97604.4802375 440506.848577
95505.7670899 434184.390053
61406.434988 441515.970984
83514.4687062 431728.166939
92062.5313845 438555.671538
91549.358083 437879.722786
91423.5656204 439858.55078
93765.8417351 438315.112874
91358.9496938 436646.544829
93765.8471878 438315.557825
91535.607004 437885.57141
92497.0884354 436766.469375
93828.4314358 437663.619788
91544.6354306 437881.562832
92471.7500948 433759.690583
93754.6015743 438312.69178
68532.7007305 443964.16495
93759.5887503 438309.96055
84827.7337826 430753.220365
76766.8928382 435193.378481
92588.8294399 434227.387583
96531.7344667 433197.162179
95571.2705518 431933.185163
95419.8302295 434557.110019
91563.9587013 437182.079438
91697.3138782 436657.935595
94140.1760627 435206.107131
95296.195756 440767.990057
92112.1283235 435592.999276
93535.9547404 434512.263063
98841.1729748 433415.017614
92087.7261242 436639.545192
85145.4732731 434796.413744
83140.287829 431267.244488
92187.1924476 432203.916249
91984.8690422 433957.936026
91738.8924428 438159.796528
92456.1009169 432050.244383
93062.8588176 435592.814391
91312.5215156 438488.186507
96362.3766837 432562.778436
92720.1187151 434981.167508
93765.1914909 438312.561992
92156.0334432 437169.48247
92497.784935 436728.634098
93186.2396884 437245.305637
93767.0640615 438330.673508
83754.2685724 430803.204219
93501.5232254 438414.70537
91811.1446846 437683.82339
91588.5701874 436302.185558
94621.9403816 433475.5039
93697.0349093 435126.076675
93169.8974313 436546.941441
93440.355169 438434.816876
92479.8642178 433753.470192
90402.6653278 435877.241916
91360.3081669 437244.96848
81437.1798299 449766.069609
80286.848679 449862.962574
83076.3353524 453020.981967
80277.5376847 449873.560796
80300.2269099 449867.323674
83078.087401 452990.359949
80856.3023853 450044.266519
82743.9257802 451980.6122
85656.4076338 436316.751807
87290.5829871 436978.691666
85664.8763335 436312.184065
85514.0492439 440165.12233
117339.854454 439875.594737
118410.083456 440031.841379
113908.491635 426114.82731
111141.96286 426659.24164
112425.218456 425577.31125
89891.8317391 416824.46236
84918.2780997 427988.00638
81366.2731062 427625.848926
82595.4236924 428891.401995
80834.6505477 427888.136358
84918.7562395 427982.770644
81158.5260918 427948.772454
82837.4331982 426694.474621
84316.5396534 427964.862422
84917.9822403 427986.564186
82502.2424944 428818.986053
82844.2985883 426692.484409
82368.6401992 430188.499699
86217.8310628 430023.226159
86418.3750802 430375.0486
86413.2944466 430386.355051
64224.8921085 431793.706391
66121.5799674 435790.826751
64162.0765744 432461.777507
66694.6800404 436718.420954
97359.5479195 419349.977023
97731.0336001 418290.960285
96971.703468 417078.36538
97516.4771016 418253.138424
133455.065656 443690.024761
133254.006047 444005.388493
133743.700941 443349.821569
135698.708107 444872.836418
135713.617097 444856.759395
135716.350733 444853.300215
82756.2607077 436508.573896
82756.2607077 436508.573896
83757.5566595 438548.029042
84235.687855 436531.360469
82756.2607077 436508.573896
83202.5782257 436559.664577
82756.2607077 436508.573896
112304.697212 443290.510774
114626.567671 447046.53948
91513.9353826 462092.136223
90068.5494998 459719.418435
90071.7938054 459721.378704
91520.3027747 461653.138483
91946.0798617 461333.742554
102961.197402 447858.666543
103824.798016 450974.369473
104242.344887 450286.781705
103979.327158 451949.585465
83556.1024415 458799.08947
88233.1743843 462488.303277
87778.3623889 462483.870053
88991.3574676 462298.92641
119198.945905 454448.495957
119980.32836 455250.829333
119532.551505 454476.255426
120467.399181 455299.377911
117086.748408 458670.854809
125570.537631 456283.383199
117091.492619 458646.34345
94077.9967019 453838.214515
96693.1614898 452428.875715
93586.9464383 452781.748482
93539.3142814 453661.48689
91753.4902116 451169.33652
93264.3169521 454060.74265
93535.9647338 453662.307054
94348.3900872 450515.247561
93073.4691427 452210.575885
96510.549533 453685.091481
96710.2538051 452395.076406
93718.5422135 452931.880711
95922.2325146 461804.428324
95356.1045328 462160.877689
92886.2594965 459824.249705
97286.9653856 461505.343665
102778.855447 424908.898361
102603.507477 425114.425843
98616.6623254 427657.486978
101543.801088 426024.957767
106990.97135 437316.48033
106014.357979 434408.978038
106874.616917 435161.130389
103154.786064 438443.060854
167194.821157 541236.189904
167412.082679 540783.445343
40432.615824 391158.173533
52250.4248475 382875.226972
52260.859228 382878.687339
50747.9985172 384331.811253
48947.8155132 391349.036377
50389.6107765 392550.547534
50164.4021418 391110.706166
165172.39793 432243.49341
165399.506309 425683.537594
56485.8388054 371513.432585
61602.2469907 365442.446746
62287.0771555 367398.479892
56891.8463827 368871.284619
59042.5399065 376828.551768
55924.6554244 388817.464982
33323.3330504 389511.862948
32251.4664326 390764.400074
33987.8449937 389505.945475
31486.0652648 391323.412898
32248.6340137 391655.276196
126062.115543 431558.126736
120998.428773 428933.412165
109768.022059 431395.719698
119847.719334 438094.380739
116294.075907 437399.646057
116293.370904 437397.426562
111472.174374 433913.400068
60951.7930753 385493.145581
60939.3503188 385496.937013
64567.1783003 384759.416716
65766.1377593 381907.134246
124998.332735 440826.607921
45963.7181886 368200.468854
42840.4374945 370103.347796
42942.6083827 370252.204188
42834.0768131 370118.509886
48050.0298192 371446.43453
42837.9953272 370103.290377
42721.6118029 370549.280527
48223.9187346 370865.958671
42837.5064705 370128.560078
46498.668349 366151.340988
48359.5936801 370359.951454
70566.2615943 403731.719294
60323.8161112 400963.783334
63881.9524318 396159.481325
23762.274282 398603.377477
24421.1241148 396476.727598
28857.8083487 387525.837523
28825.5002143 386569.382433
29192.1442826 385949.54031
29954.120638 385241.055988
28678.8768233 385345.469578
29195.0548322 385982.741665
136898.272182 430733.511934
133236.444752 431297.413209
122973.603789 469219.813666
119552.845479 469358.243492
126946.903127 476718.217651
195993.019242 578912.85413
194932.261906 578585.341393
192951.078988 579381.4427
195972.78961 583287.510081
193675.325204 575436.648946
194379.925623 575680.38303
189418.293605 585197.130816
135873.158085 420671.280334
135870.53243 420670.400401
135981.255276 417489.676678
180484.144174 378599.515358
180482.547637 378598.728664
181076.578462 379904.029929
180484.492656 378599.405868
123448.721574 384065.27317
80511.3880205 389492.581293
79962.4831284 388010.437824
79573.7283219 389726.865018
82243.9218495 388964.956052
78066.616569 395986.87243
155356.910447 390377.954297
155367.878905 390382.73834
154602.520815 390736.701638
154756.008755 392278.347895
175982.843888 401649.039995
193159.730897 407084.539987
193419.786761 406620.515026
151139.65004 400050.97329
151722.79089 399617.061354
150431.039063 399383.016739
113408.87494 400083.716632
113535.605214 400310.168209
112466.614814 400167.772422
109545.206506 403163.935123
109623.376043 401652.963984
111909.24091 400284.746609
109031.19398 402288.976039
114298.654993 399898.805526
111237.560505 398978.95149
113680.463921 401634.677624
114269.041216 401432.321494
114298.351939 398597.698807
114325.847109 398560.433007
183650.221592 386383.981054
182756.991799 385025.878708
183923.275068 386518.465614
262617.154816 568909.993889
123643.87906 404856.796499
124127.231067 404688.617787
150620.275363 375429.102675
151423.087113 375728.593036
148204.726638 374167.87721
151489.462863 382903.277518
161985.806877 380563.53363
159181.851784 387327.50865
159923.704688 383998.925199
162230.886796 383956.418037
161554.268981 383470.387961
160997.46501 382619.950311
161364.052371 383206.399832
162084.247554 385526.228205
160538.995027 383504.661712
156667.76438 384225.068362
161378.062167 383951.157143
159247.579715 381589.341525
158657.071017 381707.127265
163929.753651 383750.666177
161383.628044 386098.285534
159254.048837 381587.455901
161099.90774 387216.32659
160534.328877 383512.443286
158589.670359 380646.981269
162322.841686 387471.015043
164284.731165 383501.685266
162025.373076 382529.944051
161500.297442 382948.388941
155099.312777 385285.339437
161916.457603 384131.624338
100908.63877 396959.68517
101944.090411 398488.251069
103330.573107 398943.1105
104283.139129 399983.729609
103572.460853 398172.482089
118860.744442 411837.775461
121953.718342 410765.59292
117084.034394 413322.728035
117560.892194 412726.222373
117539.43754 412731.833084
121618.148332 400378.381639
120954.454157 398553.432029
122749.813315 400850.476799
129462.222566 392879.339743
133099.902033 393511.805898
128766.717129 392651.297419
132161.508841 393540.31984
132359.093117 392483.761706
178556.218283 418449.570657
178557.313493 418451.578162
179574.149931 417266.838298
179574.149931 417266.838298
148398.512903 402260.027705
172936.031416 387165.327938
173603.015818 387064.615608
175302.821671 385827.377541
176955.747011 386137.289121
176958.883793 386134.966688
171444.779346 387203.871004
173859.307251 388495.323162
176593.49849 387416.655854
172866.898003 387031.151518
150097.794532 410147.224432
150332.929719 410019.853289
148478.473205 409933.14451
150097.376698 410144.221351
149533.800852 410789.217082
145301.772161 415122.302833
148429.894344 415306.016972
150653.174562 416332.80312
150091.224823 410146.897113
147403.989665 416136.875093
151351.956675 410953.763776
149850.150912 412026.989287
149191.067425 415582.069458
149295.55218 411779.966228
138140.096299 410507.575599
136113.571497 406481.281888
137709.381722 416036.955272
136868.778272 410054.126219
142567.503633 414305.693348
137268.906473 388709.941894
138149.352869 388752.208559
140232.479215 386641.950834
133137.820023 404130.999003
181366.461206 411125.079345
183926.39407 410040.399551
166984.146968 386242.149331
167076.320203 386165.947307
150336.22996 391108.815474
147736.073414 394573.523317
141098.677552 398349.765741
140314.287428 399077.2698
141093.151163 398356.566581
141483.161253 398970.662915
139594.836147 398962.056036
141091.326338 398348.33987
119980.376263 405257.921498
119238.525566 407540.507971
117955.191046 400552.340395
163474.703818 419260.264479
162570.650478 420231.514848
164811.772623 418257.076802
167204.148414 420022.161722
167637.137526 419810.093806
163119.025398 420958.333845
162646.724596 420035.956456
163546.545954 418538.541171
97631.8774136 394333.446043
97649.5390831 393762.097571
159741.906099 402596.549862
159736.851103 402595.877675
158818.996822 401244.095466
154237.657762 408155.142933
152388.93236 406435.324861
154223.685316 408165.93535
152365.805561 406410.085447
153961.056072 408033.940776
160456.635805 398288.636397
177329.334811 376475.00341
175640.173029 381065.920064
175584.098087 379835.721579
176700.073084 381326.528388
163571.875067 391598.818358
162723.863961 391693.117612
80925.90567 399596.745248
81470.0089926 400989.931545
128548.574855 493599.23145
131165.478299 495447.501357
131179.293463 495422.624568
131876.522032 397850.514494
131716.831768 397661.026781
134040.697794 396167.569014
129553.571588 399232.397939
132045.042529 398734.5537
134708.568091 397533.875386
133891.17907 396778.789376
134703.154416 398015.233812
134726.49363 397543.703773
134637.874337 397177.412458
135115.705708 399466.390772
134418.280706 396235.875416
133884.23212 396195.029492
133567.712935 395762.636627
133857.049496 396808.07708
133642.530354 394381.384162
134497.813948 395927.305519
134822.474624 394200.999079
127681.831468 400488.529259
133764.923399 397340.859767
129552.67908 399234.071055
133173.0881 396319.526485
133516.102503 397210.425999
135218.111914 399426.386821
171010.923434 408377.988828
170241.5343 407534.955667
171005.665487 408356.391403
160335.905691 373672.017424
159951.500697 373810.34158
161027.698296 372783.891274
166493.780605 402581.27634
166094.124762 402856.033779
166148.083799 402850.702017
166126.782796 402869.120796
165530.070016 402622.889398
163988.659386 403050.960707
165705.423954 402916.486827
157643.168672 381007.144327
155121.427085 381730.949738
156388.774149 379611.833856
156444.340762 381148.600828
156542.98817 381976.351551
157704.682816 379775.439427
154928.032356 381732.506127
157648.386477 381004.3661
156277.757471 380645.649488
148641.236304 407173.178686
148644.78167 407186.300538
148596.876052 407275.798207
148643.747859 407189.527804
148644.02182 407187.302657
149267.637051 406323.777077
161017.247049 379306.971752
161015.381984 379295.623272
161025.450391 379312.432145
133324.328072 411073.542932
131805.53848 409921.285784
133222.741821 410334.002198
124860.472981 410649.007129
132881.139372 410758.877535
131025.267904 409504.224973
133240.264343 410548.288981
133882.028927 411209.333707
130914.366637 409280.157131
133321.217782 411073.778814
126273.532357 416039.584014
120674.531804 424513.392895
121273.839364 424020.738405
121224.805452 424983.115601
81513.7039091 381667.041164
80313.3762346 383889.739807
125399.079676 420552.248206
130171.262996 422704.184855
101849.457831 382533.483486
104306.518022 386831.427939
107402.766213 391880.154227
103024.144146 385207.444075
116213.271845 500978.263118
116094.39598 501539.059441
115665.593817 500313.279745
196703.384925 330985.025139
199199.567703 321708.055186
198653.265789 322773.543766
199258.254135 322715.078672
200867.278292 324200.123076
199137.332999 320734.152224
200057.203146 323905.405429
198634.103785 322768.264187
199187.127759 321730.86432
183710.368499 328493.222462
186842.285058 327384.255888
204456.39681 365968.065187
203348.127654 366458.462445
203680.758272 396034.141431
196264.985749 327846.03513
196250.021034 327862.823741
196240.462994 327862.747066
193700.722576 327287.911057
193649.517779 415348.18577
195931.510165 412676.557954
193608.100072 415226.944157
195287.368949 323270.828655
192949.273905 327054.378366
192353.100861 326329.285821
194684.015972 325777.409707
196642.852756 322117.806542
193234.595499 324557.467923
196430.011613 322886.437166
192689.249208 327055.135873
197255.332098 322807.266667
192531.047619 326723.371781
196642.852756 322117.806542
195277.653207 323056.057003
196421.724544 322893.378697
196558.583869 321530.437677
199778.127747 318559.554787
202973.234832 320186.536928
199633.21785 319340.109096
202794.29195 318540.477307
202794.695572 319187.805053
201621.373399 323327.413962
202967.010787 317875.178766
202530.657758 322141.980904
202953.914655 320590.837247
202970.546694 320195.522594
179290.060616 316643.566887
177907.683932 317777.655695
179351.121835 316599.915665
177458.582454 315216.308216
177092.09621 316446.912104
175549.079573 317869.830194
176877.49534 317571.06064
177284.555741 317727.870389
173777.128543 317710.897409
176686.737181 317116.06903
177474.806944 315227.836434
176469.171399 317339.748326
174398.55554 317379.150974
178275.126023 318121.026016
175335.043838 316826.347185
176544.105436 317928.8446
176491.138662 318101.042638
179284.464142 316560.667806
178083.095984 317887.78552
175292.831384 319050.385171
180762.215623 321598.3866
179816.786106 326408.477903
180756.073797 321658.647217
191540.765009 416092.21512
180238.381394 366332.934029
182763.746202 367707.427707
185232.051177 323458.581077
187455.91094 321674.378478
187628.064223 323566.986607
199393.752994 355435.573188
200789.162257 359993.500798
197869.340908 355719.227406
198684.544008 356611.070168
197678.021167 355894.054097
192315.785011 327509.054841
188298.261229 327946.450977
197035.034026 316243.091143
197139.547942 316254.623351
182247.705617 331739.995518
182033.699597 329300.735084
182081.794924 331466.24956
196523.917953 309545.216147
196523.917953 309545.216147
196523.917953 309545.216147
207151.212407 375715.436713
210424.565188 374498.472967
207928.167329 373356.05959
206318.900414 379907.798634
206723.002549 377639.827443
210077.981336 374897.192159
210102.70376 377739.690224
208412.735425 375888.63011
210539.176647 374437.760472
210337.232412 378286.236461
195149.881614 392413.481367
196180.803172 393872.276566
196929.771375 393486.521918
195154.066547 392410.844758
195152.448748 392404.824776
195122.579147 392417.046934
196921.578894 393487.121438
198292.726749 392877.71326
192612.038447 322122.938507
193326.879244 320945.830691
192686.244489 321212.975769
177919.178874 361790.883252
177734.507199 362778.410285
179118.133891 362411.120571
178363.057555 364290.42788
176249.308706 363114.614443
176728.477555 361492.443788
177318.919461 363857.699894
177128.058204 362553.931181
185746.092869 319079.330652
158570.014655 503840.758546
158453.789113 502268.305065
159312.627744 500885.08369
160490.476386 502620.056307
162180.449103 501394.312728
164680.264212 499391.340015
208918.733061 389188.571572
199888.163264 380289.906256
205905.309686 389411.116305
222020.641168 437183.688908
224960.168954 435147.460545
222498.206919 437153.289314
223207.492188 436622.988683
223222.217856 434484.170048
223096.727236 434151.249733
93012.1923876 471446.24024
93007.0761518 471446.860565
148322.141681 454021.258417
148062.327713 452435.02543
148368.868752 451791.162711
150355.616654 449610.505962
239663.469638 450833.703983
235042.443039 444325.156596
235335.279221 445044.284014
236566.256677 444644.463082
236483.990095 445605.327624
236482.726586 445590.175101
125167.11886 515356.850098
122386.709953 520455.46434
128568.295326 513387.256457
125594.82723 515653.442861
97037.7392743 445227.222307
93577.9448502 443986.632559
93509.9870619 446074.73307
89668.8312224 443187.843936
94313.5920396 445293.444757
96348.8020829 447047.836273
93439.2780862 446120.886513
91862.4944499 444378.750201
96957.0364147 449890.175068
93873.913864 443904.006664
190916.558418 362739.140701
183476.745579 359438.606085
193969.641419 358210.583954
190142.426923 362271.538673
193967.735538 358213.127943
190194.14586 355144.944626
186600.001088 352767.159366
189136.313199 351529.023389
186602.861006 352768.400692
244503.890753 604384.98422
240877.441204 600501.872917
240491.867485 602874.370082
177071.939209 394535.851764
177071.939209 394535.851764
177115.71353 396278.066286
175574.185254 395552.496453
99011.137952 398576.883104
99010.9980952 398576.773407
99010.9287836 398576.774176
170865.202238 373686.19703
168397.036286 376629.01345
171527.427092 394624.583531
172015.23779 393831.728815
172491.507184 391163.382528
171526.6659 394624.024844
172121.901141 393515.056089
171512.517657 393221.692546
226502.968899 597970.806515
208955.444943 602654.892064
226500.060147 597964.975577
139562.130389 374694.367606
139450.064487 374256.430719
203839.107431 353123.920289
200447.172117 351854.487453
161792.878832 417574.294529
158106.790923 415377.214719
98598.1052191 455379.999242
98037.6958637 456035.561013
90908.67805 395193.205372
90364.5847921 394247.273006
90247.0745227 393826.691825
84634.599701 391331.429627
90342.7347113 394122.951682
90820.8446762 391989.305091
90824.1694156 391977.804114
86181.7262124 393360.854831
65695.3731407 408691.501263
48515.4703663 417312.774222
40432.5486071 414736.550582
53147.5286893 407874.499099
53140.8373425 407858.500315
243719.520581 564535.083222
236553.21651 552239.40834
248942.79494 555676.491749
241934.571147 548269.587842
249986.328238 563650.271254
256566.084227 551700.214696
188587.335616 413276.272523
169706.378926 417365.96318
171956.270905 416360.975499
220648.603921 521658.215139
222118.299514 522234.984241
38324.6884602 399555.957468
48408.6669047 402008.480336
134646.199595 471121.026667
138000.488334 467446.166603
136791.488756 474179.171807
136546.918933 472194.262924
222395.186255 572079.345212
225030.86738 573222.662901
222402.804092 572089.801429
230111.767785 498361.564846
230115.40419 498363.734525
220931.959824 543279.851053
212365.063462 532914.750856
183841.370053 407654.873119
193837.864583 402260.397729
192201.549422 438869.260132
192689.772654 438064.260161
192682.281122 438063.647424
194904.675437 432680.935197
170608.203614 365934.001187
171557.029755 367680.987513
167721.915531 365218.277365
170870.661234 368989.740476
204408.655728 536498.962374
185650.371518 533351.922456
193940.219509 521304.970052
200240.286455 535210.116991
201150.038464 536461.645624
194757.01793 536794.243442
204047.505183 536592.561661
205783.367593 534027.203034
100393.327076 406869.079893
102459.855314 413308.060771
188603.36638 343310.984035
189632.487694 347888.470316
187144.731218 343272.03098
195755.568662 344716.604311
188727.051343 346658.55905
23336.8484489 378630.872959
27089.0665059 379406.831416
26280.1486275 380281.508238
114280.336039 410374.957378
110608.635328 408401.463483
113612.628438 409462.853956
161482.866563 406992.015603
161483.970673 406994.353065
161151.269567 407174.478398
161483.070998 406994.463147
164884.197756 416606.509863
161482.747786 406976.775566
181730.33071 590761.253065
181869.601281 590888.558823
181708.553564 590769.589266
184241.510032 594335.072006
184225.619781 594537.845793
125355.689605 388463.675954
152907.17822 370293.033779
152905.157841 370295.148121
143339.616487 375974.87554
143587.313562 376557.311318
191161.922929 312620.949337
233555.789787 573906.811659
240854.321781 567153.400627
235227.186478 571966.550166
230516.991586 541657.504546
233227.84616 548862.401149
231073.830626 541682.987979
230129.916508 541974.448763
228450.70685 554448.548106
187556.52742 435741.732763
180212.31686 441177.808717
177077.313541 439773.287087
187361.837232 437279.2279
187278.65004 434630.362377
245418.355278 475159.829651
236972.820792 472838.540316
236140.822539 473062.729351
163317.42281 436551.297202
167583.727952 438506.205265
232238.547865 481073.103547
233024.239324 481356.497857
166759.974745 381401.97106
166129.814622 381782.429978
171205.880012 383663.588911
204073.979366 483223.773115
204589.147357 483739.595184
206598.544658 488445.876912
258846.011477 491674.01932
265171.154084 489077.582238
265650.815212 491694.814186
75958.1700746 443724.18558
71499.3048243 446332.531982
71358.4450502 448799.638762
71351.8306698 448794.075253
79501.265181 448160.598081
73410.1416646 445984.910654
70983.6349923 445587.59527
78178.647072 449135.99444
73780.8465893 445688.015983
70539.1493883 446215.295545
77196.5886866 443706.836033
74423.2819007 447615.361386
81998.1312397 446116.377021
84784.2261932 442403.942944
81593.5746827 443647.112674
238016.01747 461274.234931
240848.499531 457131.133599
238008.562774 461286.015927
232312.233684 459770.680681
240848.402845 457128.795305
240848.530258 457129.353844
227763.917869 455556.377771
232577.319452 458859.997538
221927.201985 457129.962621
221928.709506 457124.86498
218645.162191 458114.562017
213199.965112 446446.223685
184539.354907 338015.86778
184504.712573 332680.420803
184546.617477 338021.471572
185166.303653 338216.633298
187198.238136 335114.394256
189071.371364 334139.679509
188072.594347 334676.441951
185830.683027 330115.579439
184351.67487 339298.37729
185731.265703 329741.664855
185922.818099 330821.612808
103758.770464 469129.224278
103826.966544 468737.121067
103051.763656 468664.857211
194642.918423 583453.746642
195371.092159 583749.36272
100150.823737 447630.358381
104603.357146 446309.405016
98665.1501341 449205.153943
99716.5940032 451274.830644
102075.623116 441802.945522
197536.538378 370309.080132
197532.752173 370328.404655
197528.062037 370314.126397
196329.758211 371055.576863
204924.806766 369969.42118
204933.456767 369961.718988
196703.180634 370136.872302
265627.730462 573353.126117
265627.549635 573349.337369
265631.201477 573379.809262
266407.718112 574606.43079
265620.654038 573352.295894
264993.644432 574044.668022
204309.981805 511465.552389
200237.06586 514355.284974
201794.447362 517552.088825
199416.223646 514294.143223
201803.261945 517564.523552
199138.149195 514632.986357
173223.55191 560370.748112
155775.107461 550640.746562
174304.041868 563467.629231
155981.783142 550329.457905
158395.723101 554121.110616
174186.416349 562110.086041
158404.788857 554123.231077
158391.075031 554140.69061
162488.525298 561381.60156
111399.230013 455641.824406
109627.660797 451104.246193
116456.15945 453230.550212
182271.750786 312425.223605
182271.750786 312425.223605
182271.750786 312425.223605
131081.622651 461755.054275
130881.24421 460406.465539
128440.392872 462074.524062
130306.758762 460429.423834
131471.661511 462227.889523
128326.273892 465417.0714
125073.285445 466109.470498
131055.615201 461812.027731
130119.987001 460824.064936
176131.725394 583264.432267
176131.725394 583264.432267
117988.914332 545200.206915
116472.826753 546517.976613
121529.380547 538716.620023
117583.332938 541587.942671
115915.677347 544630.828965
115812.507603 544572.797996
83810.2054687 455001.663129
87283.6752056 456163.787294
90942.2426346 457709.874375
87020.6066534 454947.192498
87283.6752056 456163.787294
87706.2079213 455993.611019
87270.4844281 457087.199314
86008.1412454 451049.689324
86732.454074 446675.701143
205738.083224 439608.287268
212400.135839 432321.92172
212367.500508 432411.773085
212375.398807 432395.509551
212364.467422 432418.079696
214873.240393 432953.222336
253295.881117 575983.662124
255102.778236 575844.109345
